beta <- 0.0
dL0 <- c(1.0,1.0,1.0,1.0,1.0,1.0,1.0,1.0,1.0,
         1.0,1.0,1.0,1.0,1.0,1.0,1.0,1.0)
tau <- 1.0 
b <- c(0.0, 0.0, 0.0, 0.0, 0.0, 0.0, 0.0,
       0.0, 0.0, 0.0, 0.0, 0.0, 0.0, 0.0,
       0.0, 0.0, 0.0, 0.0, 0.0, 0.0, 0.0)