N_uncensored <-
65L
N_censored <-
15L
M <-
4
group_uncensored <-
c(1, 1, 1, 1, 1, 1, 1, 1, 1, 1, 1, 1, 1, 1, 1, 1, 1, 1, 1, 2, 
2, 2, 2, 2, 2, 2, 2, 2, 2, 2, 2, 2, 3, 3, 3, 3, 3, 3, 3, 3, 3, 
3, 3, 3, 3, 3, 3, 3, 4, 4, 4, 4, 4, 4, 4, 4, 4, 4, 4, 4, 4, 4, 
4, 4, 4)
group_censored <-
c(1, 2, 2, 2, 2, 2, 2, 2, 3, 3, 3, 3, 4, 4, 4)
t_uncensored <-
c(12, 17, 21, 25, 11, 26, 27, 30, 13, 12, 21, 20, 23, 25, 23, 
29, 35, 31, 36, 32, 27, 23, 12, 18, 38, 29, 30, 32, 25, 30, 37, 
27, 22, 26, 28, 19, 15, 12, 35, 35, 10, 22, 18, 12, 31, 24, 37, 
29, 27, 18, 22, 13, 18, 29, 28, 16, 22, 26, 19, 17, 28, 26, 12, 
17, 26)
censor_time <-
c(40, 40, 40, 40, 40, 40, 40, 40, 10, 24, 40, 40, 20, 29, 10)
