I <-
4
J <-
2
K <-
5
X <-
structure(c(23, 5, 5, 16, 7, 13, 8, 17, 4, 11, 11, 19, 0, 8, 
7, 1, 2, 1, 2, 1, 1, 6, 6, 0, 2, 0, 1, 2, 3, 1, 3, 1, 8, 3, 5, 
3, 5, 0, 5, 3), .Dim = c(4, 2, 5))
