y <-
structure(c(-35.3237835363, 121.207995762, 178.500961664, 15.538398254, 25.9053932583, -37.2145589388, 128.925732998, -62.0613734212, 44.3730286833, 117.820801485, -20.3204329357, -25.3402884783, 7.6779949289, -26.6867247422, -40.1081422448, -63.8943205018, -70.6890973075, 45.116382732, 26.7292889355, 69.4601699351, -19.850852861, -42.608660192, -19.7125909521, -40.0988726817, 16.8898183142, -34.7886487225, -75.0983659481, -15.8453019832, -24.5181050573, -42.9340478645, -5.91848036593, -23.7695984728, -69.0823335646, -33.0588552313, -82.2211467261, -6.21571458439, 98.7918543583, -19.3118746392, 29.0941044279, 6.51415319124, -22.5865557126, -19.2385712234, 63.2071427048, -129.505566812, -9.21773839998, 89.9267906276, -51.5809799585, 18.2513484837, -53.1203441272, -29.3472757578, 25.6468755488, -9.05240741333, 7.34333632795, -20.069041038, -46.1831417252, 8.59422149699, -33.1574479129, -16.8571655518, -30.8783673837, 78.4485458655, 17.8311686514, -63.7418555578, -16.1321440302, 29.6748664193, -150.464374887, 81.5590375916, -138.253942247, 29.5019321484, -85.5903102474, -38.8399594647, -62.4019749065, -60.3800869712, 19.4781986154, -20.323921013, 41.0496718451, 6.92970083396, 182.261978756, -16.9615580809, 115.023313601, -12.0876849873, -20.303053441, -38.1154975274, -23.5296175025, 27.1536328658, 33.5725175454, 16.0560246523, -34.9282216264, 0.211189738862, 181.763354797, -6.44399503039, 9.25465490488, 12.2534110318, 12.3980797597, 134.904680746, -57.049071468, 5.31842677448, -16.5496454614, -51.7959083413, 187.344788197, -7.03710172697, -58.519648008, -37.6152104003, 2.94217532319, -41.4480501738, 13.019986839, -39.0715993587, -56.1278823023, -46.2881542901, -6.29369432085, 15.3358106567, 5.24078063893, -39.5939732208, 4.97920816967, -21.0739428626, -26.9159097938, 1.14270155548, 6.79613676293, -53.1246969944, -4.59449682735, -286.001862082, -48.966116109, -102.833041, 22.7341668475, -0.954839992885, -33.8450962654, 34.0250980132, -29.0338509301, -42.9579710584, 195.497378444, 4.38581175371, -29.876842271, 24.7168990537, -44.539133462, -31.2964084296, 8.29205172406, 123.890142406, -29.6140892551, -57.4252848867, 57.903063856, -18.3156094494, -16.1501887161, -30.8541157161, -59.9723421469, -22.1357042144, 33.4287732311, -75.6735076426, 11.2468090693, -14.0010475204, -54.2642929363, 9.82952115006, -51.8407607448, -5.16427467847, 0.0861197790874, 103.272944734, 23.0420129063, 279.006992413, -17.5662890152, -18.6000103362, -12.7550123043, -56.6085216496, -58.2139887385, -47.5833485508, 12.3291805593, 49.876761785, 56.7815283327, 180.111117324, 26.9782188708, 6.17344068593, 216.121049281, -29.7202649669, 8.02135175632, 37.7282563148, -25.7455250226, -33.7430290933, -1.65570504358, 119.867473278, -49.6455268903, -55.8265128804, -37.8596059003, -55.601711283, 126.250834744, 142.527226007, -9.79183323965, 79.4593011582, -39.2671873134, 49.1574483626, 104.993280253, -25.0179442175, -3.68789791701, -53.8759015847, -42.3385551062, -34.2578902209, 2.36016362376, -5.62351462855, -48.8274306683, 38.8966608211, 64.9205520122, 24.6912462114, -65.6216251207, -6.10639571295, -68.0886772456, -1.5657718346, -173.469022776, -6.14492919493, 64.6322377978, -16.1065989386, 67.8288592232, 28.333432905, 35.7946511859, -26.7903797111, -15.2826728633, 9.57934348262, -45.7047308109, 21.9168256931, -29.8495735345, -57.5247299002, 25.4580490493, -35.2947347527, -37.1185340138, -16.8253154388, -24.429994482, -28.9988472628, -26.9940590099, -75.6986222594, 9.27634734173, -56.5343615669, 44.009044995, -6.12303757244, -250.098397675, -5.21275649674, -37.2858143024, -31.4743367684, -41.9944899765, 9.30369761665, -63.1838239416, 130.278420931, -37.9815301428, -0.130788323827, -23.9744808467, 179.45713107, -14.8837113169, 62.6711682176, -26.0045886433, -6.37387396272, -14.7178660134, 11.6568891248, 20.6905034046, -2.76451744363, -6.69491354913, -30.8632543361, 181.370631381, -27.4581372807, -5.34940859556, -42.1384528937, 81.2711366119, 17.1656777366, 294.200780469, 157.876377398, -53.758573097, -22.854841066, -32.2175247838, -0.458677144712, 19.102627555, -50.6313920195, -42.571779417, -38.1076420741, 54.7477914615, -96.6888415436, 8.91967791446, 123.481757385, -2.65887552722, -150.132514455, -50.3042392199, 135.125865894, -4.27893642967, -15.9348845399, -17.7493966161, -118.52979296, 159.081788072, -48.6865137351, 0.201732880952, -41.2135136855, -49.1514016401, 3.09332003125, -4.34872547366, -48.3055474429, 84.4898765958, -76.2813543703, 23.1683145268, -39.6420018283, 1.28428338584, -27.1329043313, -37.9397404777, -13.9806881426, 249.166220209, -140.242648078, 137.205992821, -50.704956299, -14.4558679659, -89.6694207158, -49.0160923516, 138.182802121, -9.59621988307, 2.7702074012, -84.8351786038, -7.4897495192, -4.59843089348, -7.61872079828, 221.393733772, -15.9461193974, 85.4429226599, -4.85231688805, -43.2596317975, 62.5162207051, -21.6078673782, -39.238549968, 0.594404627892, 21.1129857435, 6.58087057323, 71.1923492495, 89.7941380413, 19.4624385132, -31.8111532742, -32.2569987939, -31.1373771053, -83.2252277983, -15.8439763958, -36.9417150459, 15.8228099957, -21.8700224026, 16.5210746066, 6.88347101212, -5.33523127921, 80.9520715898, -38.2237741164, -45.3084418063, -57.0713298594, -1.71240552513, -18.26912544, 302.63327148, -50.8362341011, -18.4429320543, 113.843694192, -30.2846322476, -63.1245574233, -67.5618482476, 27.6276093789, 14.5256185932, -42.671444499, 57.5245582917, 3.14061739021, 4.39977548107, -44.2109356964, 8.17537649437, -27.6542081536, 76.9268893783, -10.9391658816, 9.33117006065, 3.82531114092, 8.25750180464, 1.49582327161, 16.0750529955, -34.7766246366, 2.53817465191, 34.904576124, -50.7372521537, 102.727558977, -22.2923409228, 163.927006691, 22.2387543908, 207.840836544, 8.55010956038, 108.271138085, 2.35746281353, 79.9485121074, 53.234130515, -58.4640125258, -2.93980673684, 17.3264562719, -31.6863538041, -62.0562580762, -58.151490089, 5.56736767196, -43.4683857811, 16.0008894764, 174.062218461, 110.470633259, -50.6107603402, -17.3024026583, -54.6235298646, -11.9763397341, -20.3804406516, -50.2758792779, 60.2067295525, 234.326749127, -20.1344381288, 8.88124938818, -20.4032431729, -8.63508383623, 9.59071164041, -21.4065708758, -39.7829072869, -76.5848683825, 4.79666060405, 44.7384837524, -2.03972550036, -67.7636011249, -42.0575722198, -63.091960296, -4.46089814406, 23.3797998588, -4.83934981687, -43.0581258488, -25.9544053636, -56.7713498476, 69.0251407795, -32.5237393688, -2.47673031384, 56.9720275959, -56.8159177145, -39.3454105675, -78.5885213083, -36.7148432683, 67.5684710577, 16.1611192529, 2.18868420808, 9.80202582888, -41.471804305, -40.0098242629, -22.2407369386, -11.6483726174, -38.2502332993, 377.976473084, -23.7910381052, -133.648323922, -38.0907333206, -55.5359331565, 47.6140690524, -6.93412042248, -170.721398574, -65.7678599134, -5.9096149817, -7.5663272338, -21.8146471293, 22.4986496315, 16.7230196885, -20.9957304202, -35.0616152945, -62.9150763787, 183.753625768, -40.5901262969, 156.93320931, -241.083316638, -22.0425356605, 5.48942250141, 93.7180791344, 41.2456708116, 117.717956769, 1.16752262283, -22.6244323799, 47.5228117351, 25.5576540908, 133.463674277, -58.706839086, 124.942662864, -19.3175432774, -7.39369904665, -40.0284169069, 8.64607939134, -46.379065154, -141.087067552, -9.52506365608, 3.32148881349, 8.87180567757, 102.324666915, -65.9223647821, -5.77160202027, -36.2617955816, -72.7188723643, 40.9823117506, -8.00886080643, -27.6731242434, -21.823354134, 30.8600087373, -54.7506578023, -47.8949969067, 44.0542574788, 14.9095504975, 19.6740351514, 36.30302715, 108.122223783, -27.3751944089, -50.3190991044, 71.8130146577, -5.85679063717, -21.3314208604, -60.5411140937, -32.8070237412, -3.84312710476, -32.0259915962, -51.4524240942, -14.0514831971, 2.69444363646, 186.363965753, -10.278599736, -22.4973103111, 177.133877968, -19.1563362435, -14.8317121854, -20.3460067056, 87.837651584, 112.387813067, -32.0610479695, -64.028143301, 