N <- 21
post_test <- 
c(48.9, 70.5, 89.7, 44.2, 77.5, 84.7, 78.9, 86.8, 60.8, 75.7,
95.1, 60.6, 55.5, 84.8, 84.9, 101.9, 70.6, 78.4, 84.2, 108.6, 76.6)
pre_test <- 
c(13.8, 16.5, 18.5, 8.8, 15.3, 15, 19.4, 15, 11.8, 16.4, 16.2, 12,
12.3, 17.2, 14.6, 18.9, 15.3, 16.6, 16, 20.1, 16.4)
grade <- 
c(1, 1, 1, 1, 1, 1, 1, 1, 1, 1, 1, 1, 1, 1, 1, 1, 1, 1, 1, 1, 1)
treatment <- 
c(1, 1, 1, 1, 1, 1, 1, 1, 1, 1, 1, 1, 1, 1, 1, 1, 1, 1, 1, 1, 1)
supp <- 
c(1, 0, 1, 0, 1, 0, 0, 1, 1, 1, 1, 0, 1, 1, 1, 1, 0, 0, 1, 1, 1)
