N <- 42
post_test <- 
c(48.9, 70.5, 89.7, 44.2, 77.5, 84.7, 78.9, 86.8, 60.8, 75.7,
95.1, 60.6, 55.5, 84.8, 84.9, 101.9, 70.6, 78.4, 84.2, 108.6, 76.6, 52.3, 55,
80.4, 47, 69.7, 74.1, 72.7, 97.3, 74.1, 76.3, 84.5, 54.6, 56.5, 75.2, 71.1,
75.6, 55.3, 59.3, 87, 73.7, 52.9)
pre_test <- 
c(13.8, 16.5, 18.5, 8.8, 15.3, 15, 19.4, 15, 11.8, 16.4, 16.2, 12,
12.3, 17.2, 14.6, 18.9, 15.3, 16.6, 16, 20.1, 16.4, 12.3, 14.4, 17.7, 11.5,
16.4, 16.8, 18.7, 18.2, 15.4, 18.7, 17.1, 11.9, 15.1, 16.8, 15.8, 15.8, 13.9,
14.5, 17, 15.8, 14.3)
grade <- 
c(1, 1, 1, 1, 1, 1, 1, 1, 1, 1, 1, 1, 1, 1, 1, 1, 1, 1, 1, 1, 1, 1, 1,
1, 1, 1, 1, 1, 1, 1, 1, 1, 1, 1, 1, 1, 1, 1, 1, 1, 1, 1)
treatment <- 
c(1, 1, 1, 1, 1, 1, 1, 1, 1, 1, 1, 1, 1, 1, 1, 1, 1, 1, 1, 1, 1,
0, 0, 0, 0, 0, 0, 0, 0, 0, 0, 0, 0, 0, 0, 0, 0, 0, 0, 0, 0, 0)
