b <- c(   0.1,   0.1,   0.1,   0.1,   0.1,   0.1,   0.1,   0.1,   0.1,   0.1,   0.1,   0.1)
sigmasq <- 1
mu <- 0
