N <-
1000 
y <-
c(-0.817845, -0.103711, 1.42764, 0.827274, 0.183036, -0.454249, 
-1.42342, -0.706751, -0.133675, -0.293978, 0.536184, -1.29365, 
-0.418235, 0.0303628, 0.214827, -0.694282, 0.0512933, 1.96652, 
0.915971, -0.77679, 0.360802, -0.125192, 2.67898, 1.05706, 0.192836, 
1.07721, 2.01583, 0.172582, -1.20317, -1.57785, -0.0468516, -1.07973, 
-0.794801, 0.404395, -1.57645, -3.48887, 0.374557, -1.57088, 
1.013, -0.103245, -0.495745, 0.218023, 0.709256, 0.9077, 0.190439, 
-1.24673, -1.63626, -1.8668, 0.6443, -0.733189, -0.809323, 0.487547, 
-0.34016, 1.25067, -0.0143931, 0.401131, 6.0641, -2.75308, 0.0330596, 
-0.0517554, -0.404975, -1.55097, 0.825607, -0.899226, 0.81909, 
0.0674916, -0.381729, -0.395215, -0.639249, -0.578736, 0.67132, 
0.0676066, 0.221666, 0.300809, 1.54157, -1.44174, -0.223093, 
1.19035, -0.280898, 0.823555, -0.296334, -0.38366, 0.564009, 
0.0682745, 0.962608, 1.37681, 1.18086, 0.927797, -1.35533, 1.06674, 
-0.0631941, -0.880621, -0.268662, 1.14512, -0.302208, 0.114894, 
-2.02352, 0.00270829, 2.30023, 3.16079, -1.70491, -0.643957, 
-0.429836, 0.0340905, -2.3454, -0.0926452, -1.36019, 1.68442, 
-1.99524, -0.891559, 1.16109, 0.275438, -1.20692, 0.0471873, 
-0.162069, -1.25291, -0.47286, -1.91801, -0.0752052, 0.783756, 
-1.73121, -2.10792, 0.593537, -1.60028, 0.500638, -0.330708, 
3.15836, 5.46682, -0.748392, -0.133866, -0.0491846, -0.57946, 
0.346713, 1.38651, 0.990721, 1.21658, 0.943635, 0.0911945, -1.56568, 
0.0487876, -1.84982, -0.773624, -0.0154016, -1.48399, -0.601149, 
2.37484, -0.479003, 0.286268, 1.22769, -0.147855, -1.09533, -0.419268, 
-0.170291, 0.921545, 0.163983, -1.46292, -0.214565, 0.0803115, 
0.944385, 0.00693036, -0.707184, 0.355326, -0.72782, 1.51318, 
-0.265302, 0.133755, 0.815683, -0.962956, -0.654079, 0.796571, 
-0.701074, -0.0366477, 2.11657, 0.232824, 0.592603, 0.137009, 
-1.04385, 0.702276, 2.71952, 1.28931, 0.773662, -1.15848, -1.22168, 
-0.538066, -1.34538, 0.827211, 0.664716, -1.08524, -0.463508, 
-1.44337, 0.178952, -0.477346, 0.0507882, 0.464013, -0.923876, 
-2.89461, -0.155918, 0.669771, -0.647432, -0.505292, -1.52653, 
-0.308109, -1.27065, -0.962953, -0.375142, -0.672879, 0.83057, 
-1.18045, -0.455549, 1.11852, -0.013159, -0.276366, 1.28657, 
0.431971, -2.48339, 1.77692, -1.10438, -0.387477, 1.26687, -0.441253, 
-0.268171, -0.326211, 0.966355, 1.42405, 1.53156, 0.767378, -0.959419, 
0.463373, -0.582453, -0.290379, 0.050107, -0.416412, -0.314933, 
2.40501, 0.231817, -0.287083, 0.0247413, 0.116101, -1.03797, 
-0.119077, -0.624377, -0.1257, -0.0942679, -0.0545283, 0.786115, 
0.0664632, 0.665984, 1.24105, 0.557682, 1.14123, -0.279469, 0.226504, 
-0.163838, 0.689612, -2.18322, 0.0597184, -1.10708, 1.44559, 
-0.302577, 0.330477, -1.05008, 1.16545, 0.441814, 0.900864, 0.454737, 
-1.7139, -0.162065, -0.306533, -4.18218, -3.1885, 0.901692, 0.204923, 
1.68928, -2.06611, -0.429855, -0.696685, -2.33614, 1.50655, -0.830301, 
0.0674373, 0.496048, 1.26616, 3.79389, -0.66835, -0.438044, 0.00993774, 
-1.99443, 2.71631, -0.135936, -0.169228, -0.184666, 2.5875, -1.47696, 
-1.55034, -0.503298, 1.14055, -0.272939, 2.49968, -0.586318, 
-0.46302, 0.683668, 0.533062, 0.0325403, 1.33661, 3.53585, -0.327395, 
0.326601, -0.906528, 0.874176, -1.33531, 2.10194, -1.04577, 1.28152, 
0.489685, -1.33451, 1.00266, 0.760348, -1.78752, 2.45659, -0.110117, 
0.639545, -0.619145, -1.37268, -3.06855, 0.225569, -0.25371, 
-0.473503, 1.25307, -0.513341, -0.426346, -0.461125, -1.54002, 
-1.85711, -2.14043, 1.68084, 1.18461, -0.720707, -0.389284, 0.122942, 
-0.202199, 0.606091, 0.746065, 0.553401, -0.834712, -0.185936, 
1.19346, 1.22295, 1.68288, -0.867397, -0.917259, -1.42289, 0.0175332, 
0.592769, 0.509623, 1.27444, -1.88544, 0.604006, -1.34068, 0.852041, 
0.10609, -0.565207, 0.181977, 0.540482, -1.77908, 5.29888, 2.10049, 
1.14845, 1.93668, -0.428552, -0.142355, -1.90506, -0.305555, 
-0.234101, -0.0393298, 0.671328, 1.53932, -0.371812, -0.682843, 
1.30888, 1.18836, -0.549056, 0.971372, -0.464377, -0.559409, 
-2.4182, -1.8589, -0.227692, -0.214827, 1.98121, -0.390156, 0.129776, 
0.135301, 1.01447, 1.65102, -1.43774, 0.516341, -1.06959, -2.08333, 
-0.437428, 1.92736, 0.609327, -0.411361, -0.328122, -0.949214, 
-1.69082, 0.270003, 1.77823, -0.057675, 1.19387, 0.270129, 1.69887, 
1.3189, -0.00742435, -3.226, 1.0399, 0.679883, 1.09151, 0.429384, 
-0.405909, 0.69043, -0.245564, 1.36644, 2.06639, -1.21849, 1.6139, 
0.508066, -1.69592, -0.609227, -1.84829, 0.153134, 0.374684, 
-0.312467, -2.54723, 0.31917, -0.722391, 0.55788, -0.065684, 
0.0759953, 0.18949, -0.338046, -1.76933, -0.378623, -0.472832, 
-0.997973, -0.542731, 0.635812, -1.61554, 1.85079, 4.29712, 0.770464, 
-0.201797, -0.057689, -0.838368, -0.961949, 2.52252, 1.3739, 
-0.554681, -0.20428, -0.774775, 1.5302, 0.55811, 0.60082, -0.272155, 
-0.961242, -0.0630986, -2.66867, -0.659212, -0.361373, 1.36111, 
-1.54682, -0.217919, 0.46271, -0.434716, 0.43529, -0.866228, 
-0.447083, 0.00647346, 0.26954, -1.84314, -0.239216, -0.560364, 
-2.9354, 1.27372, 0.00228936, -2.21244, -1.44777, 1.21817, -1.51898, 
0.572702, -0.65908, 1.68405, 0.124283, 0.710749, 1.05177, 3.29229, 
-1.45113, -0.441869, 2.0898, 2.4537, 1.43409, -1.95905, -0.428616, 
0.391798, -0.38544, -0.122729, -0.6036, -1.39297, 0.0962887, 
-0.451168, -0.90995, -0.321203, 3.0976, 0.342913, 1.17447, -6.21376, 
-0.321376, -0.192798, -0.820011, 1.50067, 0.965114, -0.89682, 
4.51557, 0.130391, -0.588566, 0.771883, -0.496106, 0.0885056, 
-0.684699, 0.115476, 0.362103, 1.42093, 0.706881, 3.79473, 0.117767, 
1.07593, -0.356269, 2.95087, -0.578431, 0.430975, -1.3222, -0.429446, 
1.60477, -1.02978, -2.82895, 0.828071, 0.748398, -0.0627361, 
1.00729, -0.131904, -0.605922, 0.55787, -1.91236, 0.199418, 0.896695, 
-1.46746, -0.260249, 2.17096, 1.15726, -0.767627, 0.428945, -2.16, 
-2.74251, -0.471207, -0.539919, -0.44441, 0.64677, 0.94357, -1.70868, 
1.43182, 0.703199, -1.92973, -1.1745, 0.17238, 0.793359, 1.60842, 
0.899481, -2.21447, -2.1551, -0.143391, -0.141851, -0.762628, 
-1.95633, 0.19763, -0.196598, -0.442044, -0.0114935, -8.50536, 
-0.522577, -1.84074, 0.1211, 0.476229, 2.68082, 0.418211, 0.186626, 
0.0653767, -0.377161, 0.623174, 0.821468, 0.688092, -0.249279, 
1.13429, 0.147186, 0.168089, 0.48639, 0.752596, 2.63625, -0.451032, 
0.717551, 0.782556, -0.606436, 0.149142, 1.80807, 0.368006, -0.701583, 
-1.08664, -0.0631614, -0.692835, -2.38091, -0.903029, 0.576135, 
-0.192353, 0.410126, 2.59122, -0.254933, 0.560436, -1.61516, 
0.181666, -0.550611, -0.241469, 1.228, 0.248717, -0.576808, -0.933142, 
0.251987, -0.109949, -0.141312, 1.00954, 0.176338, -0.0294174, 
2.3373, -1.16453, 0.0424615, 0.0828937, -0.848767, -0.461161, 
-1.51222, 0.23703, 0.762034, -1.50813, 0.601593, 1.8587, -0.566075, 
-0.660889, 3.32599, 1.30353, -0.993977, 0.479887, -0.135774, 
-0.590276, -0.451796, -1.05276, -0.0375069, -1.62425, 0.514314, 
0.254623, -0.576527, 1.16765, 0.22149, -1.46263, -0.525889, 1.05342, 
0.00650677, -0.896864, -0.81421, -0.355196, -0.0187164, 0.818413, 
0.698866, 0.421887, -0.17439, 0.685672, 0.852837, 0.0275932, 
-2.14197, 0.277517, 0.13136, 0.496906, -0.0531739, 0.806401, 
0.530064, 0.323924, 0.985921, -0.744742, -0.640952, 0.0473535, 
-0.348235, -1.27053, 0.102462, 0.11478, -0.368237, -2.1179, -0.848408, 
0.869458, -2.06643, 0.974726, -0.316548, 1.37003, 0.292384, 0.628395, 
0.906947, 0.285401, 0.391408, 0.760652, 0.536166, -0.316046, 
4.42389, 0.779558, 1.74807, -1.46169, 0.419126, 1.32498, 1.26758, 
0.0674401, 0.012992, -0.816921, 2.6976, 1.55858, -0.260063, -0.0023777, 
-0.88384, 0.447074, -0.308521, 0.282714, -1.01022, -1.54083, 
1.66856, -0.418595, 0.257394, -1.85197, -0.727673, -0.251666, 
5.07479, -0.39398, 0.068045, 0.208634, 1.09911, 0.498541, -0.932894, 
-1.09236, 0.248094, 1.74604, -1.10987, 0.802812, 0.31512, 0.380596, 
-0.307121, 0.587218, 0.362611, -0.9062, 0.545485, -0.816717, 
0.110991, -0.856638, -0.0793812, 0.4417, 1.77724, 2.11925, 0.246244, 
-0.270385, 0.0558522, -1.72309, -0.250033, 0.232433, -0.869515, 
