G <- 2
N <- 16
r <- 
structure(c(13, 12, 12, 11, 9, 10, 9, 9, 8, 10, 8, 9, 12, 9, 11, 8, 9, 8, 9, 4, 8, 7, 11, 4, 4, 5, 5, 3, 7, 3, 7, 0),
.Dim = c(2, 16))
n <- 
structure(c(13, 12, 12, 11, 9, 10, 9, 9, 8, 11, 8, 10, 13, 10, 12, 9, 10, 9, 10, 5, 9, 9, 13, 7, 5, 10, 7, 6, 10, 10,
10, 7),
.Dim = c(2, 16))
