T <- 10
t0 <- 0
ts <- c(1,2,3,4,5,6,7,8,9,10)
y <- structure(c(0.397095,-0.300526,-0.948297,-0.57433,-0.00316177,0.675424,0.703672,-0.0918871,-0.469737,-0.429309,
                 -0.853654,-0.696679,0.0545529,0.634292,0.772725,0.15645,-0.424857,-0.487648,-0.298427,0.16981),
               .Dim=c(10,2))
theta <- c(0.15);
