NP <-
38
N_uc <-
58
N_rc <-
18
t_uc <-
c(8, 23, 22, 447, 30, 24, 7, 511, 53, 15, 7, 141, 96, 536, 17, 
185, 292, 15, 152, 402, 13, 39, 12, 132, 34, 2, 130, 27, 152, 
190, 119, 63, 16, 28, 318, 12, 245, 9, 30, 196, 154, 333, 38, 
177, 114, 562, 66, 40, 201, 156, 30, 25, 26, 58, 43, 30, 8, 78
)
t_rc <-
c(149, 22, 113, 5, 54, 6, 13, 8, 70, 25, 4, 159, 108, 24, 46, 
5, 16, 8)
age_uc <-
c(28, 48, 32, 31, 10, 16, 51, 55, 69, 51, 44, 34, 35, 17, 60, 
60, 43, 44, 46, 30, 62, 42, 43, 10, 52, 53, 54, 56, 57, 44, 22, 
60, 28, 32, 32, 10, 17, 51, 56, 69, 52, 44, 35, 60, 44, 47, 63, 
43, 58, 10, 52, 53, 54, 56, 51, 57, 22, 52)
age_rc <-
c(42, 53, 57, 50, 42, 52, 48, 34, 42, 17, 60, 53, 44, 30, 43, 
45, 42, 60)
sex_uc <-
c(0, 1, 0, 1, 0, 1, 0, 1, 1, 0, 1, 1, 1, 1, 0, 1, 1, 1, 0, 1, 
1, 1, 0, 1, 1, 0, 1, 1, 1, 1, 1, 0, 0, 0, 1, 0, 1, 0, 1, 1, 0, 
1, 1, 1, 1, 0, 1, 0, 1, 1, 1, 0, 1, 1, 1, 1, 1, 1)
sex_rc <-
c(1, 1, 1, 1, 1, 1, 1, 1, 1, 1, 0, 1, 1, 1, 1, 1, 1, 0)
patient_uc <-
c(1, 2, 3, 4, 5, 6, 7, 8, 9, 10, 11, 12, 13, 15, 
16, 17, 18, 20, 21, 22, 23, 24, 25, 27, 28, 29, 30, 
31, 33, 34, 35, 38, 1, 3, 4, 5, 6, 7, 8, 9, 10, 
11, 13, 17, 18, 21, 23, 25, 26, 27, 28, 29, 30, 31, 
32, 33, 35, 37)
patient_rc <-
c(14, 19, 26, 32, 36, 37, 2, 12, 14, 15, 16, 19, 
20, 22, 24, 34, 36, 38)
disease_uc <-
c(1, 2, 1, 1, 1, 1, 2, 2, 3, 2, 3, 1, 3, 1, 3, 1, 1, 1, 4, 1, 
3, 3, 3, 2, 3, 2, 2, 3, 4, 2, 1, 4, 1, 1, 1, 1, 1, 2, 2, 3, 2, 
3, 3, 1, 1, 4, 3, 3, 3, 2, 3, 2, 2, 3, 3, 4, 1, 4)
disease_rc <-
c(3, 2, 3, 3, 1, 4, 2, 1, 3, 1, 3, 2, 1, 1, 3, 2, 1, 4)
