N <- 1192
earn <- 
c(50000, 60000, 30000, 50000, 51000, 9000, 29000, 32000, 2000, 27000,
6530, 30000, 12000, 12000, 22000, 17000, 40000, 44000, 7000, 53000, 5000, 14000,
5500, 40000, 34000, 10000, 27000, 50000, 41000, 15000, 25000, 75000, 27000,
12000, 7500, 30000, 21000, 27000, 3000, 25000, 24000, 32000, 10000, 11000,
18700, 20000, 3500, 13000, 25000, 21000, 34000, 6000, 17000, 35000, 4000, 14000,
10000, 25000, 16000, 16000, 16500, 4000, 3840, 22000, 200, 26000, 2500, 17000,
8000, 12000, 10000, 10000, 15000, 2400, 30000, 30000, 10000, 5000, 12000, 20000,
20000, 20000, 1200, 700, 20000, 10000, 30000, 40000, 25000, 10000, 60000, 18000,
16040, 15000, 10000, 33000, 18000, 15000, 21000, 21000, 37000, 38000, 17000,
32000, 27500, 16500, 25000, 27000, 5000, 70000, 5000, 5000, 20000, 4000, 60000,
5000, 30000, 70000, 50000, 44000, 30000, 10000, 23000, 45000, 15000, 4000,
17000, 30000, 27500, 5688, 18000, 43000, 32000, 10000, 60000, 21000, 2400, 1000,
27000, 6600, 16000, 90000, 8000, 20000, 15000, 12000, 24000, 20000, 19000,
10000, 40000, 25000, 25000, 25000, 19000, 44000, 15000, 17000, 24000, 23000,
13000, 65000, 7000, 40000, 15000, 20000, 20000, 20000, 25000, 49000, 25000,
11000, 16000, 35000, 125000, 23000, 17000, 27000, 70000, 35000, 10000, 35000,
15000, 12000, 8000, 8000, 35000, 45000, 15000, 15000, 24000, 25000, 25000,
20000, 24000, 44000, 69000, 62000, 32000, 20000, 32000, 25000, 170000, 35000,
40000, 33000, 18000, 30000, 26000, 5000, 20000, 17000, 32000, 15000, 50000,
8000, 40000, 40000, 32750, 20000, 36000, 6000, 12000, 60000, 40000, 43000,
45000, 6000, 8000, 20000, 17000, 2000, 65000, 50000, 11000, 35000, 27000, 3500,
42000, 20000, 15000, 10000, 6000, 17000, 35000, 28000, 15000, 20000, 20000,
10500, 13000, 10000, 3000, 24000, 17000, 11000, 32000, 17000, 3000, 2100, 3192,
17000, 30000, 15000, 24000, 10000, 50000, 50000, 20000, 30000, 22000, 27000,
4000, 17500, 16500, 28000, 52000, 15000, 19000, 27000, 15000, 15000, 14500,
24000, 18000, 4000, 4000, 700, 24000, 27000, 12000, 22000, 30000, 35000, 20000,
32000, 6000, 12000, 10000, 1000, 12000, 16000, 25000, 25000, 32000, 35000, 6000,
80000, 20000, 1000, 28000, 26000, 27000, 18000, 2000, 20000, 6000, 25000, 12000,
12000, 30000, 4000, 26000, 23000, 21000, 25000, 18000, 4000, 23900, 35000,
26000, 25000, 23500, 12000, 15000, 3000, 6000, 14000, 15000, 175000, 1000,
10000, 45000, 15000, 20000, 35000, 40000, 35000, 50000, 1e+05, 35000, 24000,
35000, 38000, 30000, 5000, 148000, 30000, 6500, 3000, 23000, 40000, 30000,
14000, 15000, 26000, 8000, 24000, 5124, 10000, 12000, 50000, 23000, 40000, 6000,
5000, 110000, 41000, 23000, 21000, 4000, 25000, 30000, 14000, 6000, 14000,
43000, 25000, 40000, 65000, 16000, 8000, 20000, 14000, 45000, 8000, 12000, 8000,
16000, 6000, 19000, 21000, 43000, 35000, 8000, 21000, 5800, 17000, 24000, 5000,
11000, 10000, 40000, 40000, 24000, 24000, 20000, 60000, 11000, 5000, 27000,
89000, 40000, 15000, 1000, 22000, 12000, 22000, 40000, 40000, 35000, 7000,
14000, 15000, 6000, 11000, 10000, 20000, 7000, 38000, 29000, 20000, 8000, 36000,
1500, 42000, 25000, 13000, 30000, 7000, 31000, 15000, 50000, 5000, 600, 14000,
40000, 24000, 22000, 20000, 20112, 12000, 41000, 13000, 60000, 24000, 38000,
3000, 13000, 5000, 20000, 22000, 28000, 22000, 30000, 30000, 30000, 32000,
26000, 22000, 25000, 11000, 13000, 10000, 12000, 7000, 57000, 36000, 29000,
8000, 3000, 20000, 33000, 15000, 16000, 5000, 8000, 32000, 14500, 13000, 7000,
50000, 12000, 19000, 9000, 20000, 55000, 10000, 13000, 20000, 30000, 12000,
26000, 12500, 8000, 15000, 65000, 25000, 8000, 15000, 12000, 35000, 40000,
29000, 15000, 20000, 3000, 1000, 8000, 5000, 25000, 20000, 30000, 12000, 10000,
16000, 45000, 40000, 25000, 19000, 17600, 7000, 30000, 18000, 25000, 6000,
70000, 15000, 25000, 35000, 18000, 28000, 15000, 22000, 35000, 18000, 35000,
16400, 22000, 30000, 17000, 25000, 10000, 40000, 12500, 35000, 105000, 1e+05,
21000, 10000, 33000, 26000, 60000, 18000, 15000, 5000, 60000, 12000, 28000,
42000, 2000, 20000, 28000, 10000, 31000, 17000, 16000, 35000, 3000, 16000,
35000, 27000, 25000, 40000, 45000, 14000, 25000, 40000, 34000, 40000, 35000,
12000, 30000, 23000, 2000, 20000, 10000, 60000, 12000, 25000, 22000, 8000, 2000,
18600, 20000, 1e+05, 50000, 27000, 1000, 18000, 17000, 10000, 14000, 7200,
33000, 23000, 10000, 22000, 13000, 33000, 36000, 10000, 6000, 12000, 10000,
21000, 26000, 22000, 23000, 20000, 10000, 15000, 7000, 15000, 26000, 10000,
3000, 27000, 28000, 15000, 55000, 20000, 8500, 30000, 20000, 22000, 25000, 3000,
16000, 10000, 15000, 28000, 31500, 95000, 38000, 30000, 35900, 12000, 10000,
45000, 40000, 21500, 14000, 38000, 1000, 14000, 15000, 24000, 4500, 18000,
14000, 10000, 9500, 11000, 17000, 6000, 2500, 40000, 25000, 28000, 33000, 4000,
4100, 25000, 32000, 13000, 8000, 17000, 15000, 18000, 12000, 7000, 1200, 14000,
17000, 30000, 25000, 22000, 15000, 27000, 20000, 9000, 17000, 1800, 18000,
25000, 20000, 75000, 3500, 36000, 30000, 25000, 1000, 60000, 35000, 9000, 35000,
11000, 12000, 30000, 19000, 9000, 30000, 9000, 15000, 8000, 10000, 33000, 12000,
18000, 30000, 12500, 10000, 8500, 21000, 21000, 21000, 5000, 22000, 30000,
123000, 8000, 2000, 7600, 10000, 35000, 15000, 4000, 16000, 200, 23000, 16000,
6000, 600, 28000, 4000, 15000, 15000, 25000, 15000, 40000, 30000, 5000, 35000,
16000, 28000, 20000, 21000, 17000, 24000, 25000, 40000, 8000, 19000, 45000,
5000, 24000, 5000, 33000, 24000, 6000, 90000, 57000, 13800, 30000, 15000, 15000,
31000, 33000, 30000, 12000, 5000, 21000, 28000, 12000, 19000, 6000, 5300, 15000,
17000, 4700, 9500, 1700, 5400, 10000, 25000, 35000, 28000, 42000, 45000, 55000,
36000, 25000, 19000, 38000, 15000, 4500, 96000, 11000, 9000, 5000, 50000, 6000,
1e+05, 16500, 32000, 30000, 10000, 15000, 6500, 26000, 17000, 22000, 10000,
50000, 20000, 400, 16000, 10000, 14000, 5000, 40000, 5000, 25000, 12000, 58000,
18000, 1000, 21000, 11000, 13000, 20000, 25000, 600, 25000, 36000, 15000, 3500,
19005, 62000, 25000, 50000, 40000, 26000, 22000, 21000, 6108, 30000, 6000,
27000, 4000, 4416, 5000, 45000, 18000, 6000, 14000, 35000, 15000, 12000, 1000,
32000, 1500, 3000, 35000, 70000, 21000, 50000, 15000, 9000, 10000, 30000, 16000,
20000, 1e+05, 10000, 35000, 7000, 8000, 11000, 25000, 25000, 30000, 48000,
17000, 26000, 10000, 60000, 22000, 6200, 24000, 20000, 7000, 30000, 23000,
20000, 3000, 30000, 12000, 40000, 15000, 36000, 10000, 13000, 10000, 30000,
23000, 20000, 19000, 20000, 28000, 13000, 12000, 20000, 25000, 25000, 18000,
6000, 16000, 45000, 25000, 12000, 2000, 10000, 14000, 15000, 10000, 1200, 15000,
10000, 2000, 4000, 10000, 1500, 18000, 4000, 28000, 10000, 3000, 12000, 19000,
36000, 7000, 35000, 40000, 15000, 8000, 25000, 28000, 22000, 21500, 3000, 23000,
18000, 20000, 16000, 15000, 53000, 26000, 4000, 10000, 43000, 17000, 4000,
50000, 55000, 28000, 5000, 18000, 21000, 12000, 33000, 50000, 6000, 16000,
35000, 25000, 20000, 18000, 34000, 25000, 20000, 33000, 4000, 20000, 40000,
14000, 12000, 25000, 70000, 38000, 14000, 15000, 17000, 60000, 15000, 25000,
18000, 70000, 30000, 8000, 30000, 27000, 47000, 12000, 24000, 13000, 80000,
5000, 25000, 28000, 8000, 10000, 9000, 20000, 12000, 15000, 20000, 28000, 265,
35000, 26000, 27000, 14000, 32000, 10000, 7000, 28000, 60000, 12000, 15000,
15000, 26000, 26000, 18720, 12000, 80000, 48000, 18000, 85000, 35000, 5000,
9000, 30000, 80000, 35000, 12000, 2e+05, 4000, 2000, 24000, 2000, 15000, 6000,
5000, 1500, 28000, 9000, 60000, 1200, 1400, 7000, 21000, 44000, 29000, 3000,
12000, 20000, 1200, 37000, 8000, 35000, 25000, 18000, 30000, 20000, 12000,
10000, 18000, 20000, 31000, 6000, 12000, 13000, 26000, 15000, 30000, 2000, 5000,
53000, 2000, 25000, 5000, 21000, 17000, 12000, 42000, 21000, 6000, 25000, 3000,
3600, 4000, 20000, 52000, 60000, 15000, 90000, 26000, 2000, 16000, 24000, 15000,
42000, 10000, 17000, 30000, 32000, 36000, 10000, 20000, 24000, 17000, 23000,
25000, 50000, 20000, 30000, 7000, 7000, 30000, 3000, 20000, 40000, 10000, 16000,
