"midterm" <-
  c(80, 53, 91, 63, 91, 73, 59, 69, 78, 91, 79, 81, 71, 74, 76, 80, 89, 91, 90, 
93, 96, 88, 90, 79, 81, 83, 94, 70, 79, 74, 84, 79, 91, 77, 65, 76, 70, 80, 
77, 89, 70, 88, 71, 66, 81, 67, 81, 79, 68, 77, 70, 75)
"final" <-
  c(103, 79, 122, 78, 135, 117, 135, 123, 109, 126, 124, 126, 130, 117, 133, 
118, 127, 118, 138, 143, 135, 129, 91, 95, 121, 131, 144, 112, 132, 121, 
121, 126, 116, 112, 114, 121, 126, 122, 118, 123, 87, 136, 120, 140, 125, 
86, 145, 128, 121, 98, 134, 99)
"N" <-
  52
