"y" <-
c(3.8, 5.9, 5.3, 3.3, 3, 2.9, 5.5, 4.4, 4.1, 4.3, 6.8, 5.5, 5.5, 6.7, 
5.5, 5.7, 5.2, 4.5, 3.8, 3.8, 3.6, 3.5, 4.9, 5.9, 5.6, 4.9, 5.6, 8.5, 7.7, 
7.1, 6.1, 5.8, 7.1, 7.6, 9.7, 9.6, 7.5, 7.2, 7, 6.2, 5.5, 5.3, 5.6, 6.8, 
7.5, 6.9, 6.1, 5.6, 5.4, 4.9, 4.5, 4.2, 4, 4.7, 5.8, 6, 5.5)
"y_lag" <-
c(3.9, 3.8, 5.9, 5.3, 3.3, 3, 2.9, 5.5, 4.4, 4.1, 4.3, 6.8, 5.5, 5.5, 
6.7, 5.5, 5.7, 5.2, 4.5, 3.8, 3.8, 3.6, 3.5, 4.9, 5.9, 5.6, 4.9, 5.6, 8.5, 
7.7, 7.1, 6.1, 5.8, 7.1, 7.6, 9.7, 9.6, 7.5, 7.2, 7, 6.2, 5.5, 5.3, 5.6, 
6.8, 7.5, 6.9, 6.1, 5.6, 5.4, 4.9, 4.5, 4.2, 4, 4.7, 5.8, 6)
"N" <-
57
