"N" <-
  369
"J" <-
  84
treatment <- 
c(1, 1, 1, 1, 1, 1, 1, 1, 1, 1, 1, 1, 1, 1, 1, 1, 1, 1, 1, 1, 1,
1, 1, 1, 1, 1, 1, 1, 1, 1, 1, 1, 1, 1, 1, 1, 1, 1, 1, 1, 1, 1, 1, 1, 1, 1, 1, 1,
1, 1, 1, 1, 1, 1, 1, 1, 1, 1, 1, 1, 1, 1, 1, 1, 1, 1, 1, 1, 1, 1, 1, 1, 1, 1, 1,
1, 1, 1, 1, 1, 1, 1, 1, 1, 1, 1, 1, 1, 1, 1, 1, 1, 1, 1, 1, 1, 1, 1, 1, 1, 1, 1,
1, 1, 1, 1, 1, 1, 1, 1, 1, 1, 1, 1, 1, 1, 1, 1, 1, 1, 1, 1, 1, 1, 1, 1, 1, 1, 1,
1, 1, 1, 1, 1, 1, 1, 1, 1, 1, 1, 1, 1, 1, 1, 1, 1, 1, 1, 1, 1, 1, 1,
1, 1, 1, 1, 1, 1, 1, 1, 1, 1, 1, 1, 1, 1, 1, 1, 1, 1, 1, 1, 1, 1, 1, 1, 1, 1, 1,
1, 1, 1, 1, 1, 1, 1, 1, 1, 1, 1, 1, 1, 1, 1, 1, 1, 1, 1, 1, 1, 1, 1, 1, 1, 1, 1,
1, 1, 1, 1, 1, 1, 1, 1, 1, 1, 1, 1, 1, 1, 1, 1, 1, 1, 1, 1, 1, 1, 1, 1, 1, 1, 1,
1, 1, 1, 1, 1, 1, 1, 1, 1, 1, 1, 1, 1, 1, 1, 1, 1, 1, 1, 1, 1, 1, 1, 1, 1, 1, 1,
1, 1, 1, 1, 1, 1, 1, 1, 1, 1, 1, 1, 1, 1, 1, 1, 1, 1, 1, 1, 1, 1, 1, 1, 1, 1, 1,
1, 1, 1, 1, 1, 1, 1, 1, 1, 1, 1, 1, 1, 1, 1, 1, 1, 1, 1, 1, 1, 1, 1, 1, 1, 1, 1,
1, 1, 1, 1, 1, 1, 1, 1, 1, 1, 1, 1, 1, 1, 1, 1, 1, 1, 1, 1, 1, 1, 1, 1, 1, 1, 1,
1, 1, 1, 1, 1, 1, 1, 1, 1, 1, 1, 1, 1, 1, 1, 1, 1, 1, 1, 1, 1, 1, 1, 1, 1, 1, 1,
1)

"time" <-
  c(0, 0.5583333, 0.7883333, 1.4208333, 1.9383333, 0, 
0.23, 0.4791667, 0.7283333, 0.9583333, 1.1883333, 0.23, 
0.46, 0.7091667, 0.9583333, 1.1883333, 0, 0.5941667, 
0.8241667, 0, 0.2491667, 0.69, 0.92, 1.15, 
1.3716667, 0, 0.4983333, 0.7283333, 0.9608333, 0, 
0.4983333, 0.7616667, 1.0108333, 1.265, 1.495, 0, 
0.2133333, 0.4291667, 0.6733333, 0.9033333, 1.1358333, 0, 
0.4791667, 0, 0.7008333, 0, 0.6516667, 1.0925, 
1.35, 1.5908333, 0, 0.2408333, 0.46, 0.7008333, 
0.9333333, 1.2016667, 1.47, 0, 0.2575, 0, 
0.515, 0.7258333, 0, 0.2575, 0.5041667, 0.7258333, 
0.9641667, 1.1966667, 1.4975, 0, 0.2433333, 0.4733333, 
0, 0.4791667, 0.7116667, 0.9416667, 1.1716667, 1.4016667, 
0, 0.2491667, 0.5008333, 0.725, 0.955, 1.2041667, 
1.4258333, 0, 0.2458333, 0.4758333, 0.7058333, 0.9358333, 
1.1775, 1.415, 0, 0.2541667, 0.4816667, 0.725, 
0.9766667, 0, 0.2275, 0.4575, 0.685, 0.9175, 
1.1475, 1.3583333, 0, 0.2358333, 0.4658333, 0.715, 
0.9391667, 1.3908333, 0, 0.2491667, 0.4875, 0.7091667, 
0.9391667, 1.1691667, 1.3991667, 0, 0.2383333, 0.465, 
0.6925, 0.9416667, 1.1575, 1.3875, 0, 0.2491667, 
0.4708333, 0.7008333, 0.9308333, 0, 0.23, 0.5175, 
0.805, 1.0925, 0, 0.46, 0.69, 0.9391667, 
1.1883333, 0, 0.23, 0.46, 0.69, 1.3416667, 
0, 0.23, 0.46, 0.69, 0.92, 1.1883333, 
1.4183333, 0, 0.2491667, 0.4791667, 0.7475, 0.9966667, 
0, 0.2491667, 0.46, 0.69, 0, 0.9391667, 
1.47, 0, 0.23, 0, 0, 0.2566667, 
0.5141667, 1.2258333, 0, 0.2491667, 0, 0.2166667, 
0.4816667, 0.7475, 0.9966667, 1.2316667, 1.4925, 0, 
0.23, 0.4983333, 0.7633333, 1.0125, 1.2616667, 1.5, 
0, 0.3583333, 0.7583333, 1.3991667, 1.9083333, 0, 
0.3316667, 0, 0.2458333, 0.495, 0.7441667, 0.9825, 
1.4725, 0, 0.2491667, 0.4791667, 0.7283333, 1.1883333, 
0, 0.3066667, 0.5366667, 1.3991667, 0, 0.4983333, 
1.035, 1.265, 0, 0.2358333, 0.4766667, 0.7066667, 
0.9775, 1.2325, 1.4625, 0, 0.2266667, 0.4733333, 
0.7091667, 0.9525, 1.2016667, 1.4566667, 0, 0, 
0.2516667, 0.485, 0.7366667, 1.0025, 1.2483333, 1.4816667, 
0, 0.2358333, 0.4625, 0.7341667, 0.9775, 1.2075, 
1.4458333, 0, 0.2241667, 0.4758333, 0.7058333, 0.9358333, 
1.1766667, 1.4125, 0, 0.2441667, 0.5008333, 0.7475, 
0.9775, 1.2291667, 0, 0.2516667, 0.4841667, 0.7175, 
0.9475, 1.1883333, 0, 0.23, 0.46, 0, 
0.2458333, 0.4816667, 0.7116667, 0.955, 0, 0.23, 
0.4766667, 0, 0.2325, 0, 0.2875, 0.8625, 
0, 0.2491667, 0, 0.2491667, 0.5175, 0.7666667, 
0.78, 1.0866667, 0, 0.6708333, 0, 0, 
0.46, 0.7283333, 0.9775, 1.1883333, 0, 0.2491667, 
0.4791667, 0.7091667, 1.2458333, 0, 0.2491667, 0.9008333, 
1.1308333, 0, 0.2216667, 0.4566667, 0, 0.3641667, 
0.7091667, 0.9583333, 1.1883333, 1.4241667, 0, 0.2266667, 
0.9358333, 1.1658333, 1.3958333, 0, 0.4983333, 0.7666667, 
1.0541667, 1.5333333, 0, 0.2516667, 0.4791667, 0.72, 
0.9391667, 1.1716667, 1.41, 0, 0.23, 0.46, 
0.6983333, 1.1583333, 0, 0.23, 0.46, 0.69, 
0.92, 1.1525, 1.38, 0, 0.23, 0.46, 
0.7033333, 1.1608333, 0, 0.23, 0.4741667, 0.6708333, 
0, 0.2566667, 0.6841667, 0, 0.2358333, 0.6958333, 
0, 0.23, 1.2041667, 0, 0.2325, 0, 
0.23, 0.4875, 0.7308333, 0, 0.2491667, 0, 
0, 0.2458333, 0)

"person" <-
  c(1, 1, 1, 1, 1, 2, 2, 2, 2, 2, 2, 3, 3, 3, 3, 
3, 4, 4, 4, 5, 5, 5, 5, 5, 5, 6, 6, 6, 6, 7, 
7, 7, 7, 7, 7, 8, 8, 8, 8, 8, 8, 9, 9, 10, 10, 
11, 11, 11, 11, 11, 12, 12, 12, 12, 12, 12, 12, 13, 13, 14, 
14, 14, 15, 15, 15, 15, 15, 15, 15, 16, 16, 16, 17, 17, 17, 
17, 17, 17, 18, 18, 18, 18, 18, 18, 18, 19, 19, 19, 19, 19, 
19, 19, 20, 20, 20, 20, 20, 21, 21, 21, 21, 21, 21, 21, 22, 
22, 22, 22, 22, 22, 23, 23, 23, 23, 23, 23, 23, 24, 24, 24, 
24, 24, 24, 24, 25, 25, 25, 25, 25, 27, 27, 27, 27, 27, 28, 
28, 28, 28, 28, 29, 29, 29, 29, 29, 30, 30, 30, 30, 30, 30, 
30, 31, 31, 31, 31, 31, 32, 32, 32, 32, 33, 33, 33, 34, 34, 
35, 36, 36, 36, 36, 37, 37, 38, 38, 38, 38, 38, 38, 38, 39, 
39, 39, 39, 39, 39, 39, 40, 40, 40, 40, 40, 41, 41, 42, 42, 
42, 42, 42, 42, 43, 43, 43, 43, 43, 44, 44, 44, 44, 45, 45, 
45, 45, 46, 46, 46, 46, 46, 46, 46, 47, 47, 47, 47, 47, 47, 
47, 48, 49, 49, 49, 49, 49, 49, 49, 50, 50, 50, 50, 50, 50, 
50, 51, 51, 51, 51, 51, 51, 51, 52, 52, 52, 52, 52, 52, 53, 
53, 53, 53, 53, 53, 54, 54, 54, 55, 55, 55, 55, 55, 56, 56, 
56, 57, 57, 58, 58, 58, 59, 59, 60, 60, 60, 60, 61, 61, 62, 
62, 63, 64, 64, 64, 64, 64, 65, 65, 65, 65, 65, 66, 66, 66, 
66, 67, 67, 67, 68, 68, 68, 68, 68, 68, 69, 69, 69, 69, 69, 
70, 70, 70, 70, 70, 71, 71, 71, 71, 71, 71, 71, 72, 72, 72, 
72, 72, 73, 73, 73, 73, 73, 73, 73, 74, 74, 74, 74, 74, 75, 
75, 75, 75, 76, 76, 76, 77, 77, 77, 78, 78, 78, 79, 79, 80, 
80, 80, 80, 81, 81, 82, 83, 83, 84)
