alpha <- c(250, 250, 250, 250, 250, 250, 250, 250, 250, 250, 250, 250, 250, 250, 250, 
           250, 250, 250, 250, 250, 250, 250, 250, 250, 250, 250, 250, 250, 250, 250)
beta <- c(6, 6, 6, 6, 6, 6, 6, 6, 6, 6, 6, 6, 6, 6, 6, 
          6, 6, 6, 6, 6, 6, 6, 6, 6, 6, 6, 6, 6, 6, 6)
mu_alpha <- 150
mu_beta <- 10
sigmasq_y <- 1
sigmasq_alpha <- 1
sigmasq_beta <- 1
