D <- 2
K <- 3
N <- 2000
mu <-
structure(c(14.734, -6.79821, -4.95167, 15.3699, -8.10852, -4.4395, 15.809, -6.9098, -3.27964, 16.5494, -7.12863, -3.50455, 14.3141, -7.77846, -7.35627, 15.8461, -7.73821, -5.80678, 16.1791, -7.74775, -3.24931, 14.9307, -7.75974, -5.97094, 15.4082, -6.31123, -3.65381, 14.2458, -7.44286, -5.11832, 16.094, -7.38406, -5.62679, 15.0544, -7.34106, -4.08801, 17.5819, -6.86685, -4.42228, 15.7055, -7.72529, -7.11603, 15.3244, -7.55002, -3.69458, 17.2789, -6.46547, -3.69523, 16.5516, -7.13044, -3.87811, 15.1899, -6.2673, -3.46728, 17.1001, -7.43125, -4.13594, 15.9108, -5.45141, -5.22923, 14.7274, -7.6066, -3.83717, 13.2831, -7.97642, -3.68547, 14.691, -7.48531, -5.33392, 15.5613, -6.96092, -4.48656, 16.1044, -7.01392, -5.43983, 16.5562, 5.03362, -13.6448, 15.6805, 5.17337, -16.584, 17.5907, 5.15796, -14.9581, 16.5279, 5.07691, -15.6438, 16.0496, 4.89213, -17.3379, 17.0377, 5.01939, -14.9371, 16.8864, 5.18018, -15.5794, 16.8844, 5.07838, -15.8173, 18.1631, 5.0575, -15.8706, 16.3073, 4.85262, -16.8169, 15.6463, 5.16196, -16.1748, 17.4716, 5.14778, -14.9753, 17.7072, 5.08786, -16.0345, 18.2382, 5.07314, -16.8381, 15.6254, 5.20001, -16.0072, 17.4884, 5.09058, -14.777, 16.3308, 5.04026, -16.5139, 16.548, 5.00066, -16.4288, 15.7945, 5.20118, -15.088, 15.5511, 4.95617, -17.1333, 15.4906, 4.81563, -16.0932, 16.4514, 5.03282, -14.7483, 16.3975, 4.98156, -17.8279, 16.2262, 5.18581, -13.8449, 16.7155, 4.88526, -16.0206), .Dim = c(3, 25, 2))
S <- 25
theta <-
structure(c(0.373429, 0.376008, 0.373531, 0.374966, 0.377113, 0.374906, 0.372895, 0.376893, 0.373805, 0.376735, 0.376851, 0.37511, 0.373002, 0.375398, 0.374896, 0.374432, 0.374601, 0.379137, 0.373717, 0.375664, 0.373984, 0.376855, 0.373328, 0.374615, 0.376753, 0.355863, 0.359345, 0.356279, 0.35785, 0.354426, 0.355846, 0.357594, 0.357041, 0.352217, 0.357405, 0.35584, 0.357645, 0.358537, 0.356654, 0.355794, 0.360159, 0.355222, 0.353938, 0.358781, 0.357649, 0.358546, 0.352444, 0.360909, 0.359492, 0.352999, 0.270708, 0.264647, 0.27019, 0.267184, 0.268461, 0.269248, 0.269511, 0.266066, 0.273978, 0.26586, 0.267309, 0.267245, 0.268461, 0.267948, 0.26931, 0.265409, 0.270177, 0.266925, 0.267502, 0.266687, 0.26747, 0.270701, 0.265763, 0.265893, 0.270248), .Dim = c(25, 3))
sigma <-
structure(c(19.0012, 9.11145, 17.8628, 18.4403, 9.04961, 17.9803, 20.7218, 9.73409, 17.6269, 19.2547, 8.61605, 18.2416, 19.4075, 8.41781, 17.7424, 20.1042, 10.4969, 19.0632, 19.4207, 9.60382, 18.3083, 19.5896, 9.52676, 18.0659, 19.6074, 9.81702, 17.9077, 18.7519, 8.53011, 18.0311, 19.3513, 9.6628, 18.0002, 19.7055, 8.94787, 18.5681, 18.9978, 8.85509, 17.9327, 19.3085, 9.01748, 17.9247, 19.9882, 9.44133, 17.6906, 19.1965, 8.19128, 17.8476, 18.862, 8.60176, 18.0352, 19.6451, 9.00996, 17.6055, 18.202, 9.60997, 17.6051, 19.5442, 8.86008, 18.1503, 19.6713, 8.56803, 18.4094, 20.3899, 8.52181, 18.4705, 20.77, 9.51951, 17.8392, 19.6013, 9.06583, 17.9513, 20.8481, 8.64354, 17.6105, 12.421, 7.07482, 16.4039, 12.4876, 7.10128, 16.7247, 12.421, 7.34066, 16.7724, 12.434, 6.94909, 16.4524, 12.4507, 7.38898, 16.5656, 12.4178, 7.24197, 16.2801, 12.5431, 6.85688, 16.9202, 12.4595, 7.29163, 16.4724, 12.5653, 7.06796, 16.8342, 12.4461, 7.35394, 16.8516, 12.6276, 7.11156, 16.9579, 12.4905, 7.11502, 16.455, 12.5561, 7.07824, 16.9887, 12.4199, 7.12252, 16.924, 12.4473, 7.00519, 16.9743, 12.518, 7.2979, 16.8169, 12.6325, 7.13435, 16.7274, 12.4824, 7.00102, 16.5692, 12.4207, 6.69774, 16.5862, 12.377, 6.97014, 16.6504, 12.3555, 7.16711, 16.536, 12.4457, 7.26841, 17.0163, 12.592, 7.07242, 16.5813, 12.5789, 7.16004, 16.3401, 12.6099, 7.36629, 16.7596), .Dim = c(3, 25, 2))
y_heldout <-
structure(c(24.1673542897, -5.75460767107, 31.3173326802, 8.8664655201, 20.2792639233, -39.7288306239, -17.1987334666, 13.1592287253, 3.76945483997, 11.2732651775, -18.860476592, 3.82271947037, 9.26694489813, 9.55930454387, -2.82974523886, -6.31697152262, 2.51096562818, -2.41578601779, -6.80396766327, 22.5966929269, -13.4362319724, -3.62640528852, -5.65927986737, 14.7579683165, -25.5070323379, 9.64602809041, 35.0052102702, -1.45715304847, 17.7701226102, 22.2390490281, -2.89124810512, 15.031559101, 0.584152499942, -3.45384581807, -6.67865029029, -23.2525356678, -38.0876597448, -3.03114380808, -39.367920006, -13.9985947444, 3.6896431405, -20.5287105199, -19.41511859, -3.73422236527, -25.971906975, -6.73251674298, 5.40834650028, -29.6809295409, -5.73287485034, 5.43660618472, 0.011418253102, -21.4895918453, 9.38882467831, 8.4555753305, 22.8671224474, -15.2916357251, -9.16342848131, -0.889336513415, 0.910655986829, 30.4067085948, -4.93822709117, 6.22976671651, 5.72372775703, -15.2208963069, 24.8043746413, -41.7079255271, 16.4254708505, -25.0402232066, -32.884803401, 12.728744492, -17.1841454957, 2.50385099655, -1.74487803494, 15.4291476354, 2.57033962507, -19.1839248076, -5.1389225579, -11.6349577053, 5.72274522489, -7.00572807403, 22.5275746535, 10.2171268891, -2.7436387938, -39.9004233903, 35.495268691, 9.36272342135, 26.805925982, 33.4107270341, 2.43121466005, -4.51749094198, -17.5303411983, 12.985151593, -18.2697888088, -16.0206646264, 38.5986091776, -11.2470957139, 1.52287299866, -5.68094410026, 14.1815497577, -4.24508722838, -21.5247425499, 9.21656123431, 0.581164808082, -18.5415843759, 0.68403432894, 10.9060182394, -31.867000271, 36.9622065584, 26.258225301, 18.9723442902, -14.7237828449, 5.31208236668, -5.44321503364, -15.0036101356, 20.6134285822, -16.4605098129, 4.94306635977, -9.24707497684, -18.7867870792, 17.5541458348, 9.20374486398, 40.2906695109, 1.93659899886, -0.431139578481, 19.133293438, 20.9312220332, -2.06009334035, 0.535981517441, 7.08973340829, -3.08124618089, 3.54259597038, -23.0068058713, 10.5335196031, -4.53296129961, -2.46656190147, -11.8569325879, 21.7219252562, 22.595846251, 24.5341333505, -21.1499381349, 4.33228506854, -4.0912430425, -9.94016311986, -19.1022879674, 0.529903554091, 11.5058932894, 5.06283950757, -10.5102112147, 6.00842562543, -7.33718688425, -16.0280809888, -10.0312702781, -4.66614442523, 14.0703961944, -2.92450835678, 9.63695781709, 14.1750824665, 5.52378809676, -7.24204033977, -15.610059919, -2.66708020472, 16.7116252732, -17.8609604757, 17.4243008723, -3.31052528731, -19.2316749613, -0.397256025121, -3.31352153865, 2.11592967604, 20.7239915672, -3.03959052257, 7.61399187817, -2.14916879508, 7.098771879, 3.49156474346, 3.46958132397, 1.6554652491, 25.3072594951, 5.77605649872, 10.9996835306, 10.9093144325, 12.7316455568, 11.8245405055, 4.53453179607, 6.23669444007, 1.61881586397, 15.5324323455, 25.9726736384, -1.10557054077, 32.8058313006, 17.9193760503, -12.8962175183, -10.2919014768, 2.54690281084, 2.16219864756, -26.5009600449, 9.4692571708, 10.0922396993, 27.7768837147, -21.8195469667, -0.884442666828, 44.7230438084, 17.9553631568, -3.72862066939, -33.38271529, 28.1948571255, -25.0933223573, -11.9625003204, -14.539850987, 7.1580211431, -37.2834129215, -14.5254995961, 3.71785602236, 8.41732440708, 12.9546871566, -6.85408778279, -15.6791335358, 20.9077627679, 2.57932737066, -26.0005088528, 14.5750447968, 2.31293320304, -3.94965727347, -2.98806391171, -7.18967499009, -25.0803998198, -14.5578793099, 2.71168890972, -25.5317697639, -42.059243261, -15.8253238229, 28.4782493654, 5.72268932202, 14.7137402377, 10.4833139029, 14.2753648883, 3.31340129291, -12.2857707661, -0.749264099284, 12.0741269302, -12.8845895042, 12.1911209579, 12.2047565799, 6.21712869878, -33.8051980025, -16.1141011671, -3.20605241781, 27.7498953744, 26.6484704598, 8.06336329866, -14.3607503399, 12.3540269098, 3.59262968377, 15.8131076281, -9.87351744845, 0.187770022855, 14.6424640748, -1.01437597874, 5.85871980211, 1.34531755548, -5.77122755704, -7.40443862477, -0.614046788384, 35.1058243789, 20.8863075734, 25.9159846582, -17.384305392, 10.8936466776, -1.09525718966, 5.83711282333, 2.24199567545, -34.4423009904, -4.48595931239, 21.718602843, 3.72371649888, -6.43945401213, 30.753085331, -1.63095197792, -8.96100657342, -10.2447397177, 13.2549866313, 