p <-
3
N <-
21
Y <-
c(43, 37, 37, 28, 18, 18, 19, 20, 15, 14, 14, 13, 11, 12, 8, 
7, 8, 8, 9, 15, 15)
z <-
structure(c(2.13197545683981, 2.13197545683981, 1.58598174228327, 
0.166398084436278, 0.166398084436278, 0.166398084436278, 0.166398084436278, 
0.166398084436278, -0.161198144297644, -0.270396887208951, -0.270396887208951, 
-0.270396887208951, -0.270396887208951, -0.270396887208951, -1.14398683049941, 
-1.14398683049941, -1.14398683049941, -1.14398683049941, -1.14398683049941, 
-0.488794373031566, 1.03998802772674, 1.86813946813522, 1.86813946813522, 
1.23538255150878, 0.919004093195554, 0.286247176569107, 0.60262563488233, 
0.919004093195554, 0.919004093195554, 0.60262563488233, -0.979266656683787, 
-0.979266656683787, -1.29564511499701, -0.979266656683787, -0.662888198370563, 
-0.979266656683787, -0.979266656683787, -0.662888198370563, -0.662888198370563, 
-0.34650974005734, -0.34650974005734, -0.34650974005734, 0.50653160957599, 
0.319914700784836, 0.693148518367145, 0.133297791993681, 0.133297791993681, 
0.133297791993681, 1.25299924474061, 1.25299924474061, 0.133297791993681, 
-1.1730205695444, 0.50653160957599, 0.319914700784836, -0.799786751962093, 
1.25299924474061, 0.50653160957599, -0.0533191167974739, -2.66595583987364, 
-1.35963747833556, -1.1730205695444, -0.799786751962093, 0.8797654271583
), .Dim = c(21, 3))
