p <-
3
N <-
21
Y <-
c(43, 37, 37, 28, 18, 18, 19, 20, 15, 14, 14, 13, 11, 12, 8, 
7, 8, 8, 9, 15, 15)
x <-
structure(c(80, 80, 75, 62, 62, 62, 62, 62, 59, 58, 58, 58, 58, 
58, 50, 50, 50, 50, 50, 56, 70, 27, 27, 25, 24, 22, 23, 24, 24, 
23, 18, 18, 17, 18, 19, 18, 18, 19, 19, 20, 20, 20, 89, 88, 90, 
87, 87, 87, 93, 93, 87, 80, 89, 88, 82, 93, 89, 86, 72, 79, 80, 
82, 91), .Dim = c(21, 3))
