mu_beta <- c(0,0)
sigmasq_y <- 1
beta <- structure(c(100,100,100,100,100,
                    100,100,100,100,100,
                    100,100,100,100,100,
                    100,100,100,100,100,
                    100,100,100,100,100,
                    100,100,100,100,100,
                    6,6,6,6,6,
                    6,6,6,6,6,
                    6,6,6,6,6,
                    6,6,6,6,6,
                    6,6,6,6,6,
                    6,6,6,6,6),
                  .Dim = c(30, 2))
Sigma_beta <- structure(c(1,0,0,1),
                        .Dim=c(2,2))
