"N" <-
  8
"sigma_y" <-
  c(15,10,16,11,9,11,10,18)
"y" <-
  c(28,8,-3,7,-1,1,18,12)
