"N" <-
  192
"n_grade" <-
  4
"grade" <-
  c(1, 1, 1, 1, 1, 1, 1, 1, 1, 1, 1, 2, 2, 2, 2, 2, 2, 2, 
2, 2, 2, 2, 2, 2, 2, 3, 3, 3, 3, 3, 3, 3, 3, 3, 3, 4, 
4, 4, 4, 4, 4, 4, 4, 4, 4, 4, 1, 1, 1, 1, 1, 1, 1, 1, 
1, 1, 2, 2, 2, 2, 2, 2, 2, 2, 2, 2, 2, 2, 2, 2, 2, 2, 
2, 2, 2, 2, 3, 3, 3, 3, 3, 3, 3, 3, 3, 3, 4, 4, 4, 4, 
4, 4, 4, 4, 4, 4, 1, 1, 1, 1, 1, 1, 1, 1, 1, 1, 1, 2, 
2, 2, 2, 2, 2, 2, 2, 2, 2, 2, 2, 2, 2, 3, 3, 3, 3, 3, 
3, 3, 3, 3, 3, 4, 4, 4, 4, 4, 4, 4, 4, 4, 4, 4, 1, 1, 
1, 1, 1, 1, 1, 1, 1, 1, 2, 2, 2, 2, 2, 2, 2, 2, 2, 2, 
2, 2, 2, 2, 2, 2, 2, 2, 2, 2, 3, 3, 3, 3, 3, 3, 3, 3, 
3, 3, 4, 4, 4, 4, 4, 4, 4, 4, 4, 4)
"grade_pair" <-
  c(1, 1, 1, 1, 1, 1, 1, 1, 1, 1, 1, 2, 2, 2, 2, 2, 2, 2, 2, 
2, 2, 2, 2, 2, 2, 3, 3, 3, 3, 3, 3, 3, 3, 3, 3, 4, 4, 4, 
4, 4, 4, 4, 4, 4, 4, 4, 1, 1, 1, 1, 1, 1, 1, 1, 1, 1, 2, 
2, 2, 2, 2, 2, 2, 2, 2, 2, 2, 2, 2, 2, 2, 2, 2, 2, 2, 2, 
3, 3, 3, 3, 3, 3, 3, 3, 3, 3, 4, 4, 4, 4, 4, 4, 4, 4, 4, 
4)
"treatment" <-
  c(1, 1, 1, 1, 1, 1, 1, 1, 1, 1, 1, 1, 1, 1, 1, 1, 1, 1, 
1, 1, 1, 1, 1, 1, 1, 1, 1, 1, 1, 1, 1, 1, 1, 1, 1, 1, 
1, 1, 1, 1, 1, 1, 1, 1, 1, 1, 1, 1, 1, 1, 1, 1, 1, 1, 
1, 1, 1, 1, 1, 1, 1, 1, 1, 1, 1, 1, 1, 1, 1, 1, 1, 1, 
1, 1, 1, 1, 1, 1, 1, 1, 1, 1, 1, 1, 1, 1, 1, 1, 1, 1, 
1, 1, 1, 1, 1, 1, 0, 0, 0, 0, 0, 0, 0, 0, 0, 0, 0, 0, 
0, 0, 0, 0, 0, 0, 0, 0, 0, 0, 0, 0, 0, 0, 0, 0, 0, 0, 
0, 0, 0, 0, 0, 0, 0, 0, 0, 0, 0, 0, 0, 0, 0, 0, 0, 0, 
0, 0, 0, 0, 0, 0, 0, 0, 0, 0, 0, 0, 0, 0, 0, 0, 0, 0, 
0, 0, 0, 0, 0, 0, 0, 0, 0, 0, 0, 0, 0, 0, 0, 0, 0, 0, 
0, 0, 0, 0, 0, 0, 0, 0, 0, 0, 0, 0)
"n_pair" <-
  96
"pair" <-
  c(1, 2, 3, 4, 5, 6, 7, 8, 9, 10, 11, 12, 13, 14, 15, 
16, 17, 18, 19, 20, 21, 22, 23, 24, 25, 26, 27, 28, 29, 30, 
31, 32, 33, 34, 35, 36, 37, 38, 39, 40, 41, 42, 43, 44, 45, 
46, 47, 48, 49, 50, 51, 52, 53, 54, 55, 56, 57, 58, 59, 60, 
61, 62, 63, 64, 65, 66, 67, 68, 69, 70, 71, 72, 73, 74, 75, 
76, 77, 78, 79, 80, 81, 82, 83, 84, 85, 86, 87, 88, 89, 90, 
91, 92, 93, 94, 95, 96, 1, 2, 3, 4, 5, 6, 7, 8, 9, 
10, 11, 12, 13, 14, 15, 16, 17, 18, 19, 20, 21, 22, 23, 24, 
25, 26, 27, 28, 29, 30, 31, 32, 33, 34, 35, 36, 37, 38, 39, 
40, 41, 42, 43, 44, 45, 46, 47, 48, 49, 50, 51, 52, 53, 54, 
55, 56, 57, 58, 59, 60, 61, 62, 63, 64, 65, 66, 67, 68, 69, 
70, 71, 72, 73, 74, 75, 76, 77, 78, 79, 80, 81, 82, 83, 84, 
85, 86, 87, 88, 89, 90, 91, 92, 93, 94, 95, 96)
"pre_test" <-
  c(13.8, 16.5, 18.5, 8.8, 15.3, 15, 19.4, 15, 11.8, 
16.4, 16.2, 55.1, 73.1, 51.4, 62.3, 69.7, 70.9, 82.5, 
83.9, 69.8, 69.2, 75.1, 68.2, 83.5, 71.7, 77.6, 96.5, 
64.2, 88.3, 88.6, 102.4, 105, 101.4, 102.6, 76.4, 105.9, 
100.8, 91.7, 97.5, 106.5, 107.4, 111.4, 110, 106.9, 106.7, 
104.1, 12, 12.3, 17.2, 14.6, 18.9, 15.3, 16.6, 16, 
20.1, 16.4, 80.3, 76.6, 70.1, 60.9, 72.3, 78.6, 77.4, 
71.8, 93, 97.7, 65.7, 80.4, 75.6, 68.4, 83.3, 93.7, 
87.3, 95.2, 80.4, 85.4, 98, 83.3, 100.8, 103.8, 100.7, 
97, 97.3, 94.5, 97.7, 93.9, 109.7, 110.6, 115.2, 101.9, 
119.8, 108.8, 104.6, 111.1, 115.5, 107.2, 12.3, 14.4, 17.7, 
11.5, 16.4, 16.8, 18.7, 18.2, 15.4, 18.7, 17.1, 50.3, 
63.3, 50.6, 66.4, 73.7, 46, 88.6, 78.4, 61.1, 68.9, 
66.6, 67.5, 87.3, 40.8, 103.7, 95.4, 68.6, 91.1, 97.8, 
100.6, 99.6, 98.7, 104, 78, 81.2, 102.5, 78.4, 91.9, 
110.3, 104.9, 89.7, 106.2, 106.2, 111.9, 109.4, 11.9, 15.1, 
16.8, 15.8, 15.8, 13.9, 14.5, 17, 15.8, 14.3, 90, 
81.3, 74.9, 72, 52.2, 81.2, 82, 73.8, 81.1, 78.8, 
63.2, 77.6, 65.9, 68.9, 78.8, 88.4, 86.5, 89.5, 55.9, 
52.6, 95.3, 103.6, 108.1, 109.1, 98.9, 87.4, 92.5, 89, 
100.6, 94, 111.8, 112.1, 113.9, 106.3, 110.8, 107.5, 110, 
111.6, 109.8, 102.6)
