T <- 10
y0 <- c(1,0)
t0 <- 0
ts <- c(1,2,3,4,5,6,7,8,9,10)
theta <- c(0.15)
