N <-
106
Yvec1 <-
c(4.997, 6.83, 3.95124371858143, 6.79794041297493, 4.71849887129509, 
5.78996017089725, 6.13122648948314, 6.76272950693188, 6.14846829591765, 
10.7579879834538, 5.63121178182137, 3.46573590279973, 7.92479591395644, 
9.16115012778541, 8.74257423767064, 5.91079664404053, 6.54678541076052, 
2.94443897916644, 7.05272104923232, 0, 9.13905916997122, 8.48260174664662, 
7.11963563801764, 7.64300363556072, 9.42294862137501, 8.2553088117856, 
4.82028156560504, 6.54678541076052, 8.67470962929122, 7.86326672400957, 
4.67282883446191, 7.41878088275079, 6.84587987526405, 5.46383180502561, 
3.43398720448515, 7.7553388128465, 9.04239498112674, 8.45212119467252, 
7.91425227874244, 7.72885582385254, 9.31433996199467, 6.35957386867238, 
2.30258509299405, 8.29354951506035, 8.90082160491523, 8.87905466204227, 
11.5129154649202, 8.79618763547045, 8.40155784781731, 8.89370997756851, 
7.1800698743028, 4.82028156560504, 5.77765232322266, 6.4707995037826, 
4.40671924726425, 8.17413934342947, 2.30258509299405, 9.77104128523582, 
6.95081476844258, 5.97635090929793, 5.8805329864007, 5.73979291217923, 
5.75574221358691, 5.15329159449778, 8.11761074646623, 8.54636356871602, 
7.58171964012531, 6.9037472575846, 4.66343909411207, 7.47986413116503, 
3.61091791264422, 4.64439089914137, 4.39444915467244, 8.23509549725836, 
6.12905021006055, 8.4424696452203, 6.88755257166462, 7.29233717617388, 
6.38856140554563, 8.75998249497728, 6.08677472691231, 4.02535169073515, 
4.38202663467388, 6.85540879860993, 8.17919979842309, 4.24849524204936, 
8.98343977178426, 8.4721958254855, 9.480214825778, 6.1463292576689, 
9.93542217106647, 4.27666611901606, 5.36597601502185, 4.60517018598809, 
3.2188758248682, 6.81783057145415, 6.58479139238572, 5.91889385427315, 
8.67641669696422, 2.484906649788, 6.73933662735717, 3.91202300542815, 
4.56434819146784, 9.15925758174687, 7.07326971745971, 9.08636319215647, 
8.028, 4.905, 4.35670882668959, 5.27299955856375, 3.49650756146648, 
3.68887945411394, 3.85014760171006, 3.29583686600433, 5.25749537202778, 
10.4925789214972, 4.20469261939097, 1.79175946922805, 7.54750168281497, 
8.34236350038058, 7.07580886397839, 5.11198778835654, 4.93447393313069, 
3.17805383034795, 6.25382881157547, 7.19067603433221, 7.82724090175281, 
7.51697722460432, 5.8348107370626, 6.35610766069589, 8.57073395834427, 
7.16394668434255, 3.40119738166216, 5.95583736946483, 7.32383056620232, 
7.63385355968177, 3.36729582998647, 6.76157276880406, 8.38845031552351, 
9.9219166880045, 1.6094379124341, 7.44366368311559, 6.64768837356333, 
6.85118492749374, 6.16961073249146, 9.75214127004149, 8.26359043261732, 
5.84643877505772, 0, 7.60589000105312, 6.25958146406492, 8.88391747120797, 
8.54286093816481, 7.86095636487639, 6.91075078796194, 7.59588991771854, 
7.03174125876313, 2.99573227355399, 3.91202300542815, 5.4510384535657, 
5.12989871492307, 7.88419993367604, 2.30258509299405, 9.32892308780313, 
10.5472081164337, 5.71042701737487, 6.50128967054039, 5.53338948872752, 
4.99043258677874, 3.61091791264422, 7.34729970074316, 8.03138533062553, 
6.92264389147589, 6.7202201551353, 3.43398720448515, 6.19236248947487, 
3.78418963391826, 4.51085950651685, 3.55534806148941, 7.81116338502528, 
6.19847871649231, 3.55534806148941, 5.07517381523383, 7.25417784645652, 
6.21460809842219, 7.19593722647557, 4.66343909411207, 3.78418963391826, 
2.484906649788, 6.08221891037645, 6.04500531403601, 3.52636052461616, 
9.69990150043745, 7.76004068088038, 7.78113850984502, 6.289715570909, 
9.39806397805913, 5.34710753071747, 5.88887795833288, 5.29831736654804, 
4.27666611901606, 3.46573590279973, 7.2152399787301, 5.68357976733868, 
7.72179177681754, 1.38629436111989, 6.73221070646721, 5.4971682252932, 
2.83321334405622, 8.58073121222023, 7.12608727329912, 7.9359451033537, 
6.295, 4.31748811353631, 4.29045944114839, 3.43398720448515, 
5.37527840768417, 3.49650756146648, 2.77258872223978, 6.40687998606931, 
7.9483852851119, 6.3919171133926, 5.37989735354046, 5.86929691313377, 
5.34233425196481, 4.45434729625351, 6.5424719605068, 6.89365635460264, 
8.79026911147866, 7.46278915741245, 3.66356164612965, 4.99721227376411, 
8.03040956213048, 7.16006920759613, 3.17805383034795, 6.31535800152233, 
2.77258872223978, 7.82803803212583, 7.11151211649616, 7.01481435127554, 
6.00881318544259, 9.59703032475801, 2.30258509299405, 10.1017644761202, 
7.06561336359772, 8.97575663051942, 7.08757370555797, 7.22256601882217, 
2.07944154167984, 2.70805020110221, 3.61091791264422, 3.85014760171006, 
7.22766249872866, 0, 9.61767040669386, 8.66905554072548, 5.24174701505964, 
5.48479693349065, 4.04305126783455, 6.55250788703459, 7.35115822643069, 
6.52502965784346, 5.74939298590825, 3.09104245335832, 2.99573227355399, 
3.29583686600433, 7.54855597916987, 4.81218435537242, 2.94443897916644, 
5.03043792139244, 2.39789527279837, 2.94443897916644, 5.45958551414416, 
3.58351893845611, 8.74097653801779, 5.87493073085203, 9.17294998275762, 
3.46573590279973, 3.36729582998647, 3.58351893845611, 7.63867982387611, 
5.90808293816893, 5.8171111599632, 6.19031540585315, 2.56494935746154, 
4.51085950651685, 4.39444915467244, 5.01063529409626)
idxn1 <-
c(1, 2, 3, 4, 5, 6, 7, 8, 9, 10, 11, 12, 13, 14, 
15, 16, 17, 18, 19, 20, 21, 22, 23, 24, 25, 26, 27, 
28, 29, 30, 31, 32, 33, 34, 35, 36, 37, 38, 39, 40, 
41, 42, 43, 44, 45, 46, 47, 48, 49, 50, 51, 52, 53, 
54, 55, 56, 57, 58, 59, 60, 61, 62, 63, 64, 65, 66, 
67, 68, 69, 70, 71, 72, 73, 74, 75, 76, 77, 78, 79, 
80, 81, 82, 83, 84, 85, 86, 87, 88, 89, 90, 91, 92, 
93, 94, 95, 96, 97, 98, 99, 100, 101, 102, 103, 104, 
105, 106, 1, 2, 3, 4, 5, 6, 7, 8, 9, 10, 11, 12, 
13, 14, 15, 16, 17, 18, 19, 20, 21, 22, 23, 24, 25, 
26, 27, 28, 29, 30, 31, 32, 33, 34, 35, 36, 37, 38, 
39, 40, 41, 42, 43, 44, 45, 46, 47, 48, 49, 50, 51, 
52, 53, 54, 55, 56, 57, 58, 59, 60, 61, 62, 63, 64, 
65, 66, 67, 68, 69, 70, 71, 72, 73, 74, 75, 76, 77, 
78, 79, 80, 81, 82, 83, 84, 85, 86, 87, 88, 89, 90, 
91, 92, 93, 94, 95, 96, 97, 98, 99, 100, 101, 102, 
103, 104, 105, 106, 2, 4, 5, 6, 9, 11, 12, 13, 14, 
15, 16, 17, 19, 22, 23, 24, 25, 26, 27, 28, 29, 30, 
31, 33, 35, 36, 37, 38, 39, 40, 43, 44, 45, 47, 48, 
49, 51, 52, 53, 55, 56, 57, 58, 59, 60, 61, 62, 65, 
66, 67, 68, 69, 72, 73, 74, 75, 76, 79, 81, 82, 84, 
86, 87, 90, 91, 92, 93, 94, 95, 97, 98, 99, 100, 
101, 102, 105)
