mu <- 
2.0
sigma <- 
10.0
