"N" <- 
10
"y" <-
c(-1.0, -1.2, -1.1, -0.9, -1.1, -1.15, -1.31, -0.95, -1.12, -1.02)