K <-
2
V <-
5
M <-
25
N <-
262
w <-
c(4L, 3L, 5L, 4L, 3L, 3L, 3L, 3L, 3L, 4L, 5L, 3L, 4L, 4L, 5L, 
3L, 4L, 4L, 4L, 3L, 5L, 4L, 5L, 2L, 3L, 3L, 1L, 5L, 5L, 1L, 4L, 
3L, 1L, 2L, 5L, 4L, 4L, 3L, 5L, 4L, 2L, 4L, 5L, 3L, 4L, 1L, 4L, 
4L, 3L, 2L, 1L, 2L, 1L, 2L, 2L, 2L, 1L, 2L, 2L, 3L, 1L, 2L, 2L, 
4L, 4L, 5L, 4L, 5L, 5L, 4L, 3L, 5L, 4L, 4L, 4L, 2L, 2L, 1L, 1L, 
2L, 1L, 3L, 1L, 2L, 1L, 1L, 1L, 3L, 2L, 3L, 3L, 5L, 4L, 5L, 4L, 
3L, 5L, 4L, 2L, 2L, 2L, 1L, 3L, 2L, 1L, 3L, 1L, 3L, 1L, 1L, 2L, 
1L, 2L, 2L, 4L, 4L, 4L, 5L, 5L, 4L, 4L, 5L, 4L, 3L, 3L, 3L, 1L, 
3L, 3L, 4L, 2L, 1L, 3L, 4L, 4L, 5L, 4L, 4L, 4L, 3L, 4L, 3L, 4L, 
5L, 1L, 2L, 1L, 3L, 2L, 1L, 1L, 2L, 3L, 3L, 3L, 3L, 4L, 1L, 4L, 
4L, 4L, 4L, 3L, 4L, 4L, 1L, 2L, 2L, 3L, 3L, 1L, 1L, 4L, 1L, 3L, 
1L, 5L, 3L, 2L, 2L, 1L, 1L, 2L, 3L, 3L, 4L, 4L, 5L, 3L, 4L, 3L, 
1L, 5L, 5L, 5L, 3L, 3L, 4L, 5L, 3L, 3L, 3L, 2L, 3L, 1L, 3L, 3L, 
1L, 3L, 1L, 5L, 5L, 5L, 2L, 2L, 3L, 3L, 3L, 1L, 1L, 5L, 5L, 5L, 
3L, 1L, 5L, 4L, 1L, 3L, 3L, 3L, 3L, 4L, 2L, 5L, 1L, 3L, 5L, 2L, 
5L, 5L, 2L, 1L, 3L, 3L, 5L, 3L, 5L, 3L, 3L, 5L, 1L, 2L, 2L, 1L, 
1L, 2L, 1L, 2L, 3L, 1L, 1L)
doc <-
c(1L, 1L, 1L, 1L, 1L, 1L, 1L, 1L, 1L, 1L, 2L, 2L, 2L, 2L, 2L, 
2L, 2L, 2L, 2L, 2L, 2L, 3L, 3L, 3L, 3L, 3L, 3L, 3L, 3L, 3L, 3L, 
3L, 3L, 3L, 3L, 3L, 3L, 3L, 4L, 4L, 4L, 4L, 4L, 4L, 4L, 4L, 4L, 
4L, 4L, 4L, 4L, 4L, 5L, 5L, 5L, 5L, 5L, 5L, 5L, 5L, 5L, 5L, 5L, 
6L, 6L, 6L, 6L, 6L, 6L, 6L, 7L, 7L, 7L, 7L, 7L, 8L, 8L, 8L, 8L, 
8L, 8L, 8L, 8L, 8L, 8L, 8L, 8L, 8L, 8L, 8L, 8L, 9L, 9L, 9L, 9L, 
9L, 9L, 9L, 10L, 10L, 10L, 10L, 10L, 10L, 10L, 10L, 10L, 10L, 
10L, 10L, 10L, 10L, 10L, 10L, 11L, 11L, 11L, 11L, 11L, 11L, 12L, 
12L, 12L, 12L, 13L, 13L, 13L, 13L, 13L, 13L, 13L, 13L, 13L, 14L, 
14L, 14L, 14L, 14L, 14L, 14L, 14L, 14L, 14L, 14L, 15L, 15L, 15L, 
15L, 15L, 15L, 15L, 15L, 15L, 15L, 15L, 16L, 16L, 16L, 16L, 16L, 
16L, 16L, 16L, 16L, 16L, 17L, 17L, 17L, 17L, 17L, 17L, 17L, 17L, 
17L, 18L, 18L, 18L, 18L, 18L, 18L, 18L, 18L, 18L, 18L, 19L, 19L, 
19L, 19L, 19L, 19L, 19L, 19L, 19L, 20L, 20L, 20L, 20L, 20L, 20L, 
20L, 20L, 20L, 21L, 21L, 21L, 21L, 21L, 21L, 21L, 21L, 21L, 21L, 
22L, 22L, 22L, 22L, 22L, 22L, 22L, 22L, 23L, 23L, 23L, 23L, 23L, 
23L, 23L, 23L, 23L, 23L, 24L, 24L, 24L, 24L, 24L, 24L, 24L, 24L, 
24L, 24L, 24L, 24L, 24L, 24L, 24L, 24L, 24L, 24L, 24L, 24L, 24L, 
25L, 25L, 25L, 25L, 25L, 25L, 25L, 25L, 25L, 25L, 25L)
alpha <-
c(0.5, 0.5)
beta <-
c(0.2, 0.2, 0.2, 0.2, 0.2)
