n10 <-
43
n01 <-
7
n11 <-
12
I <-
183
J <-
2
