"afqt" <-
c(88.19296, 37.825934, 79.19296, 53.825934, 43.19296, 67.231805, 
116.386464, 94.581045, 25.545932, 46.884339, 36.581045, 46.545932, 
37.19296, 77.085268, 55.545932, 87.085268, 77.581045, 73.085268, 
108.386464, 50.360604, 70.713202, 97.085268, 51.386464, 54.581045, 
50.884339, 89.19296, 52.713202, 51.392275, 23.545932, 77.392275, 
69.19296, 57.581045, 83.19296, 68.392275, 49.19296, 43.392275, 
48.19296, 65.825934, 34.392275, 37.825934, 58.713202, 102.545932, 
28.392275, 95.545932, 32.19296, 96.761832, 21.713202, 75.581045, 
71.085268, 53.761832, 58.545932, 94.19296, 46.545932, 42.594776, 
57.581045, 22.713202, 48.713202, 26.713202, 17.545932, 70.581045, 
73.085268, 76.360604, 56.545932, 56.825934, 57.392275, 52.825934, 
44.386464, 34.545932, 34.581045, 32.825934, 38.581045, 89.386464, 
98.386464, 70.545932, 39.545932, 37.085268, 75.392275, 19.825934, 
47.386464, 28.713202, 32.884339, 47.386464, 72.545932, 97.545932, 
38.761832, 53.545932, 24.825934, 71.386464, 112.581045, 92.545932, 
109.581045, 40.581045, 59.884339, 96.392275, 98.386464, 42.761832, 
30.581045, 55.545932, 67.392275, 21.085268, 88.19296, 59.545932, 
55.392275, 36.545932, 31.392275, 85.545932, 39.713202, 48.884339, 
98.545932, 86.19296, 73.761832, 42.825934, 48.392275, 41.085268, 
59.581045, 55.085268, 38.545932, 78.581045, 49.386464, 63.545932, 
51.085268, 105.19296, 57.581045, 44.386464, 61.085268, 60.581045, 
66.386464, 42.884339, 45.884339, 43.825934, 28.392275, 8.761832, 
98.581045, 79.581045, 40.386464, 106.825934, 11.085268, 55.825934, 
106.545932, 52.392275, 79.545932, 81.761832, 112.581045, 65.085268, 
108.825934, 62.085268, 53.713202, 55.392275, 38.085268, 87.884339, 
75.545932, 96.594776, 90.761832, 79.085268, 41.386464, 36.713202, 
66.085268, 62.581045, 60.825934, 70.713202, 36.386464, 81.713202, 
95.392275, 90.545932, 88.085268, 43.825934, 53.713202, 92.594776, 
75.386464, 79.713202, 78.392275, 44.581045, 89.19296, 39.392275, 
28.386464, 53.884339, 76.761832, 50.884339, 38.545932, 85.761832, 
50.545932, 30.713202, 58.392275, 53.545932, 53.231805, 49.825934, 
67.884339, 55.545932, 53.884339, 76.884339, 43.231805, 35.713202, 
64.392275, 59.825934, 53.581045, 65.392275, 53.386464, 58.581045, 
43.386464, 81.386464, 31.581045, 79.386464, 75.594776, 65.581045, 
48.085268, 18.392275, 37.713202, 74.386464, 71.581045, 69.825934, 
67.231805, 62.581045, 66.884339, 69.713202, 107.884339, 100.392275, 
56.713202, 34.581045, 83.392275, 86.825934, 39.386464, 22.825934, 
112.713202, 58.545932, 106.545932, 48.825934, 83.581045, 83.392275, 
57.085268, 45.713202, 30.386464, 33.713202, 101.085268, 98.761832, 
65.581045, 63.825934, 81.713202, 85.392275, 59.085268, 67.713202, 
96.594776, 57.713202, 53.360604, 41.713202, 29.545932, 29.884339, 
21.581045, 41.085268, 39.545932, 21.392275, 69.392275, 17.825934, 
50.884339, 100.392275, 76.360604, 77.231805, 74.545932, 15.581045, 
25.392275, 58.884339, 56.581045, 74.085268, 91.825934, 33.392275, 
54.884339, 58.392275, 35.581045, 23.386464, 23.386464, 40.545932, 
31.825934, 75.581045, 73.825934, 56.713202, 25.884339, 24.713202, 
25.085268, 87.386464, 58.581045, 40.386464, 60.581045, 58.392275, 
89.386464, 36.713202, 38.884339, 28.581045, 41.884339, 34.386464, 
23.713202, 29.825934, 19.392275, 26.581045, 18.825934, 38.386464, 
22.825934, 26.392275, 23.392275, 18.825934, 27.392275, 37.581045, 
37.392275, 37.231805, 84.713202, 29.085268, 29.392275, 62.713202, 
67.386464, 50.545932, 60.713202, 50.884339, 36.713202, 66.19296, 
38.581045, 68.825934, 55.713202, 84.581045, 47.581045, 30.545932, 
55.884339, 34.085268, 19.581045, 31.386464, 43.231805, 14.825934, 
78.884339, 66.392275, 58.19296, 51.386464, 49.713202, 72.884339, 
69.713202, 26.545932, 43.231805, 79.392275, 29.392275, 80.392275, 
53.581045, 34.386464, 17.761832, 24.085268, 26.884339, 31.19296, 
43.713202, 36.581045, 59.545932, 33.884339, 51.392275, 87.884339, 
41.581045, 34.884339, 39.545932, 29.581045, 49.392275, 47.884339, 
36.884339, 42.231805, 67.392275, 23.594776, 54.386464, 38.884339, 
45.085268, 60.581045, 18.392275, 82.545932, 22.713202, 28.713202, 
36.825934, 27.392275, 33.884339, 36.825934, 42.392275, 39.713202, 
29.545932, 43.713202, 32.231805, 52.884339, 47.581045, 56.392275, 
32.386464, 27.392275, 52.581045, 26.386464, 31.884339, 22.085268, 
15.581045, 24.392275, 79.713202, 50.19296, 24.392275, 22.19296, 
51.545932, 68.761832, 24.085268, 55.884339, 40.581045, 27.713202, 
38.386464, 103.884339, 93.581045, 41.392275, 43.581045, 41.825934, 
36.761832, 96.085268, 30.884339, 27.713202, 57.545932, 55.085268, 
70.581045, 36.581045, 65.392275, 47.231805, 67.884339, 71.085268, 
81.392275, 33.581045, 49.713202, 39.231805, 37.713202, 13.825934, 
41.825934, 49.085268, 50.581045, 104.713202, 20.19296, 98.594776, 
93.581045, 23.713202, 14.825934, 30.713202, 43.581045, 46.545932, 
49.713202, 40.825934)
"ppvt" <-
c(65, 98, 85, 83, 115, 98, 69, 106, 102, 95, 91, 58, 
84, 78, 102, 110, 102, 99, 105, 101, 102, 115, 100, 87, 
99, 96, 72, 78, 77, 98, 69, 130, 109, 106, 92, 100, 
107, 86, 90, 110, 107, 113, 65, 102, 103, 111, 42, 100, 
67, 92, 100, 110, 56, 107, 97, 56, 95, 78, 76, 86, 
79, 81, 79, 79, 56, 52, 63, 80, 87, 88, 92, 100, 
94, 117, 102, 107, 99, 73, 56, 78, 94, 110, 109, 86, 
92, 91, 123, 102, 105, 114, 96, 66, 104, 108, 84, 83, 
83, 92, 109, 95, 93, 114, 106, 87, 65, 95, 61, 73, 
112, 113, 49, 105, 122, 96, 97, 94, 117, 136, 85, 116, 
106, 99, 94, 89, 119, 112, 104, 92, 86, 69, 45, 57, 
94, 104, 89, 144, 52, 102, 106, 98, 97, 94, 111, 100, 
105, 90, 98, 121, 106, 121, 102, 64, 99, 81, 69, 84, 
104, 104, 107, 88, 67, 103, 94, 109, 94, 98, 102, 104, 
114, 87, 102, 77, 109, 94, 93, 86, 97, 97, 88, 103, 
87, 87, 90, 65, 111, 109, 87, 58, 87, 113, 64, 78, 
97, 95, 75, 91, 99, 108, 95, 100, 85, 97, 108, 90, 
100, 82, 94, 95, 119, 98, 100, 112, 136, 122, 126, 116, 
98, 94, 93, 90, 70, 110, 104, 83, 99, 81, 104, 109, 
113, 95, 74, 81, 89, 93, 102, 95, 85, 97, 92, 78, 
104, 120, 83, 105, 68, 104, 80, 120, 94, 81, 101, 61, 
68, 110, 89, 98, 113, 50, 57, 86, 83, 106, 106, 104, 
78, 99, 91, 40, 42, 69, 84, 58, 42, 72, 80, 58, 
52, 101, 63, 73, 68, 60, 69, 73, 75, 20, 56, 49, 
71, 46, 54, 54, 44, 74, 58, 46, 76, 43, 60, 58, 
89, 43, 94, 88, 79, 87, 46, 95, 92, 42, 62, 52, 
101, 97, 85, 98, 94, 90, 72, 92, 75, 83, 64, 101, 
82, 77, 101, 50, 90, 103, 96, 50, 47, 73, 62, 77, 
64, 52, 61, 86, 41, 83, 64, 83, 116, 100, 42, 74, 
76, 92, 98, 96, 67, 84, 111, 41, 68, 107, 82, 89, 
83, 73, 74, 94, 58, 76, 61, 38, 100, 84, 99, 86, 
94, 90, 50, 112, 58, 87, 76, 68, 110, 88, 87, 54, 
49, 56, 79, 82, 80, 60, 102, 87, 42, 119, 84, 86, 
113, 72, 104, 94, 78, 80, 67, 104, 96, 65, 64, 95, 
56, 75, 91, 106, 76, 90, 108, 86, 85, 104, 87, 41, 
106, 76, 100, 89, 42, 102, 104, 59, 93, 94, 76, 50, 
88, 70)
