ppvt_ev <- 
c(113, 112, 96, 110, 105, 100, 109, 109, 88, 112, 102, 110,
125, 104, 128, 91, 75, 93, 110, 106, 87, 93, 98, 105, 111, 109, 102, 91, 106,
107, 96, 92, 69, 104, 67, 58, 104, 98, 90, 80, 110, 109, 113, 135, 89, 96, 84,
102, 102, 104, 111, 137, 88, 95, 106, 120, 72, 84, 114, 102, 103, 70, 97, 94,
93, 95, 86, 83, 99, 123, 119, 88, 116, 93, 91, 94, 113, 98, 102, 99, 103, 100,
89, 123, 87, 91, 98, 95, 107, 105, 122, 110, 94, 90, 87, 85, 83, 72, 92, 78, 50,
140, 107, 106, 72, 105, 99, 107, 95, 84, 104, 110, 97, 64, 105, 83, 97, 78, 52,
72, 102, 97, 78, 86, 72, 116, 105, 72, 96, 105, 119, 98, 114, 121, 100, 117,
110, 106, 102, 77, 75, 80, 100, 69, 104, 76, 98, 67, 102, 134, 105, 108, 72, 87,
119, 107, 92, 108, 72, 99, 84, 25, 105, 113, 100, 118, 107, 101, 106, 99, 101,
105, 113, 88, 89, 80, 66, 39, 119, 121, 94, 100, 121, 82, 103, 104, 92, 129, 91,
75, 92, 92, 58, 114, 89, 112, 117, 112, 102, 100, 114, 98, 103, 132, 120, 107,
56, 60, 94, 114, 86, 95, 105, 84, 107, 84, 106, 76, 92, 102, 98, 62, 103, 96,
95, 119, 101, 107, 63, 56, 105, 94, 67, 86, 76, 31, 79, 84, 98, 94, 110, 69, 96,
91, 95, 101, 50, 79, 103, 103, 63, 50, 58, 76, 73, 68, 64, 95, 90, 72, 76, 80,
66, 62, 83, 101, 65, 48, 117, 58, 62, 101, 66, 92, 84, 71, 84, 60, 46, 80, 79,
66, 104, 113, 88, 67, 102, 95, 54, 91, 48, 66, 96, 70, 99, 60, 100, 75, 76, 94,
83, 106, 75, 67, 54, 106, 98, 84, 78, 41, 96, 88, 80, 67, 82, 73, 76, 99, 105,
32, 106, 104, 84, 109, 64, 105, 96, 78, 84, 102, 87, 111, 111, 101, 102, 48)
hs_ev <- 
c(1, 1, 1, 1, 1, 1, 1, 1, 1, 1, 1, 1, 1, 1, 1, 0, 1, 1, 1, 1, 1,
0, 1, 1, 1, 1, 1, 1, 1, 1, 1, 1, 1, 1, 1, 1, 1, 1, 1, 1, 1, 1, 1, 1, 1, 1, 1, 1,
1, 1, 1, 1, 1, 1, 1, 1, 1, 1, 1, 1, 1, 0, 1, 1, 1, 1, 1, 1, 1, 0, 1, 1, 1, 1, 1,
1, 1, 1, 1, 1, 1, 1, 1, 1, 1, 1, 1, 1, 1, 1, 1, 1, 1, 1, 1, 1, 1, 1, 1, 1, 1, 1,
1, 0, 0, 1, 1, 1, 1, 1, 1, 1, 1, 1, 1, 1, 1, 1, 0, 0, 1, 1, 1, 1, 0, 1, 1, 1, 1,
1, 1, 1, 1, 1, 1, 1, 1, 1, 1, 1, 1, 1, 1, 1, 1, 1, 1, 1, 1, 1, 1, 1, 1, 1, 1, 1,
1, 1, 1, 1, 1, 1, 1, 1, 1, 1, 1, 1, 1, 1, 1, 1, 1, 0, 0, 1, 1, 1, 0, 1, 1, 1, 1,
0, 1, 1, 1, 1, 1, 1, 0, 1, 1, 1, 0, 1, 1, 1, 1, 1, 1, 1, 1, 1, 1, 1, 1, 1, 1, 1,
1, 1, 1, 0, 1, 1, 1, 1, 1, 0, 1, 1, 1, 1, 1, 1, 1, 1, 1, 1, 1, 1, 1, 0, 0, 1, 1,
1, 1, 1, 1, 1, 1, 1, 1, 1, 0, 0, 1, 1, 0, 1, 1, 1, 1, 1, 1, 0, 1, 1, 0, 1, 1, 1,
1, 1, 1, 0, 1, 1, 1, 1, 1, 1, 1, 1, 1, 1, 1, 1, 1, 0, 0, 1, 1, 1, 1, 1, 0, 1, 1,
1, 1, 0, 1, 1, 1, 1, 0, 1, 1, 1, 1, 1, 1, 1, 1, 1, 1, 1, 1, 1, 1, 1, 1, 1, 1, 1,
1, 1, 1, 0, 0, 1, 1, 1, 1, 1, 1, 1, 1, 0, 1, 1, 1, 1)
afqt_ev <- 
c(101.674637811292, 105.042885079376, 102.795830447798,
115.638353343853, 92.0933079772327, 109.527655625399, 123.201073059673,
93.8262893557519, 103.30523434229, 124.607894435899, 94.3868856740047,
117.413792810208, 119.229098148163, 125.822737584001, 108.685940504534,
87.8835050097429, 81.6941414934506, 109.527655625399, 113.489618582438,
124.663756218226, 124.299461680668, 81.7773172283966, 99.4369218968475,
93.265693037499, 128.625719175265, 125.224352536479, 124.860057998921,
118.132902179887, 111.989146694616, 114.568353131108, 124.140948629242,
120.739581990456, 110.86795405811, 112.964957925611, 79.853839487266,
76.088178310922, 98.5952067759824, 96.0174822050027, 87.8357043260032,
99.9416564327728, 117.449728471634, 115.413096323568, 114.050214900691,
110.648848261905, 98.2324853692079, 89.5652939645014, 99.9928488565334,
102.519381003752, 108.406462988893, 112.929022264185, 114.610811218943,
129.42800427989, 97.9514347227836, 90.3841369136678, 105.038215720809,
120.178985672203, 75.0501614093622, 83.7780137150361, 94.8885915787431,
114.050214900691, 111.204775221591, 80.3130873041687, 113.73130736881,
91.24708291926, 96.7076646962783, 111.283168970853, 106.668812251807,
86.7623123732371, 118.534985446713, 111.488922095798, 79.2554544397445,
119.554829581869, 122.365509162887, 108.685940504534, 80.4503714669454,
78.9139639176971, 102.800499806365, 92.1445004009933, 124.701544947495,
120.935883771151, 117.371334722372, 87.6597298549704, 116.889132153381,
129.928228878708, 92.8810711902789, 108.444251718162, 92.7834904685083,
85.1408951379137, 79.853839487266, 120.813306381151, 117.936600399192,
81.5715641034511, 103.01960560257, 93.2145006137384, 102.717255915231,
85.3661521581984, 105.547619615301, 84.2175774128864, 97.4136424200415,
80.3207852939226, 103.079977322005, 119.613719995383, 124.943233733867,
96.2924497835358, 87.6008394414559, 105.799783178324, 95.5505363983461,
89.2629442771621, 90.9447332319207, 89.5652939645014, 117.595109877144,
110.86795405811, 83.0963847763806, 86.6169309677268, 124.103159899973,
118.010324789887, 119.053123677131, 114.509462717593, 79.7524909859158,
98.5952067759824, 111.765371539843, 87.1038028952845, 80.3207852939226,
117.034513558892, 73.084225580396, 124.607894435899, 96.0174822050027,
120.174316313636, 123.486701799393, 116.534288960074, 103.580201920823,
125.729087072404, 112.929022264185, 97.671889050955, 120.123123889876,
124.103159899973, 116.815407762686, 117.853356508058, 92.8810711902789,
89.3839768975647, 108.967059307146, 89.0046976462486, 99.4747106261162,
86.6169309677268, 92.3682755557657, 84.9351420129683, 121.300178308709,
90.4627114462347, 84.8614176222731, 108.323219097759, 106.443555231522,
103.30523434229, 79.8897751486925, 77.8531430006265, 125.298076927174,
122.459159674483, 119.562527571623, 117.931931040625, 114.012426171422,
86.056334649474, 105.261990875582, 115.413096323568, 107.280600993821,
107.280600993821, 100.216624011306, 116.534288960074, 112.325967858096,
106.237802106577, 103.398884853886, 101.623445387531, 106.20186644515,
107.883655399909, 112.274775434336, 92.6539042954856, 91.0233077644876,
97.9742387382944, 99.0954313748001, 79.3291788304396, 100.631838924048,
95.4568858867499, 125.443458332685, 108.962389948579, 119.095581764966,
101.398188367247, 104.140798239076, 125.729087072404, 91.8076792375129,
126.85027970891, 89.823540595415, 109.565444354668, 80.4144358055189,
94.0500645105243, 93.5498399117067, 110.126040672921, 113.110339331122,
95.7318534652829, 106.661114262053, 119.276898831903, 103.580201920823,
92.7475548070818, 125.50383005212, 101.398188367247, 95.5864720597726,
91.1017015137497, 117.65548159658, 94.1104362299595, 85.9267484764512,
113.670935649374, 112.368425945932, 103.580201920823, 114.050214900691,
80.095528273638, 123.54256358172, 103.079977322005, 111.428550376363,
100.276995730741, 91.5839040827404, 98.8763255785946, 77.6114542142546,
78.6901887629246, 109.522986266832, 111.209444580158, 118.776674233085,
111.145884808076, 115.69421512618, 126.004054650937, 124.701544947495,
124.322265696179, 121.019059506097, 90.1862620021895, 90.6864866010072,
107.22940857006, 80.4503714669454, 85.7014914561666, 78.3533675994442,
83.0963847763806, 73.6872799864846, 92.0856099874787, 105.080673808645,
101.679307169859, 114.573022489675, 100.494554761272, 98.5348350565472,
97.2323253531047, 79.2554544397445, 105.261990875582, 74.4895650911094,
78.0707020311572, 81.4978397127559, 91.6622978320026, 84.7781737311392,
79.7601889756698, 78.3533675994442, 78.638996339164, 84.9351420129683,
82.8985098649023, 95.1712571470301, 77.0083998081661, 121.57965582435,
111.843765289106, 71.9630329438903, 99.6560276930529, 96.352821502971,
90.972115340727, 82.0025742486812, 104.520077490392, 75.3312802119744,
84.5802988196609, 119.095581764966, 86.8226840926723, 84.7978578501916,
80.5957528724557, 81.5356284420246, 107.504376148593, 88.8593162407383,
84.9351420129683, 82.8985098649023, 111.283168970853, 82.6568210785303,
98.8763255785946, 86.8226840926723, 85.8993663676449, 84.9351420129683,
112.501942329129, 88.2249955317903, 113.623134965635, 92.7834904685083,
84.2372615319387, 74.4895650911094, 93.3440867867612, 81.4145958216221,
91.5327116589798, 75.0501614093622, 86.7623123732371, 77.0083998081661,
84.2175774128864, 72.164004083152, 90.1862620021895, 80.2934031851163,
94.6106608287772, 87.1415916245532, 117.572305861634, 110.7225726526,
