"score1" <-
c(0.334, 0.515, 0.271, 0.415, 0.39, -0.755, 0.745, 0.569, 0.321, 
-0.276, -0.364, 0.159, -0.655, 0.363, -0.385, -0.636, -0.309, 0.435, 
0.478, 0.531, -0.272, 0.467, -0.49, 0.465, 0.363, 0.275, 0.189, 
-0.491, 0.638, -0.792, 0.206, 0.191, -0.451, -0.716, -0.494, -0.189, 
-0.115, 0.43, -0.247, -0.357, -0.306, 0.37, -0.362, -0.424, -0.462, 
0.215, 0.405, -0.559, -0.517, -0.648, 0.269, 0.548, -0.339, -0.432, 
0.339, -0.286, 0.485, -0.611, -0.239, 0.213, -0.312, -0.316, 0.319, 
-0.485, -0.379, -0.319, -0.417, 0.421)
"party" <-
c(1, 1, 1, 1, 1, 0, 1, 1, 1, 0, 0, 1, 0, 1, 0, 0, 0, 1, 1, 
1, 0, 1, 0, 1, 1, 1, 1, 0, 1, 0, 1, 1, 0, 0, 0, 0, 0, 1, 
0, 0, 0, 1, 0, 0, 0, 1, 1, 0, 0, 0, 1, 1, 0, 0, 1, 0, 1, 
0, 0, 1, 0, 0, 1, 0, 0, 0, 0, 1)
"x" <-
c(0.50803, 0.53766, 0.52211, 0.51547, 0.52337, 0.48624, 0.52155, 0.51974, 
0.51058, 0.49746, 0.46588, 0.52851, 0.46468, 0.50146, 0.45479, 0.49202, 
0.46855, 0.5211, 0.5476, 0.50535, 0.46187, 0.51025, 0.46316, 0.50557, 
0.50985, 0.54619, 0.5157, 0.453, 0.54172, 0.45737, 0.53215, 0.54996, 
0.45492, 0.45402, 0.46466, 0.49892, 0.4934, 0.51447, 0.48792, 0.48202, 
0.48782, 0.52085, 0.4605, 0.46674, 0.48268, 0.53174, 0.51616, 0.4621, 
0.48884, 0.48085, 0.53012, 0.54651, 0.45784, 0.49283, 0.53771, 0.47366, 
0.53392, 0.4797, 0.47928, 0.5318, 0.4973, 0.4718, 0.51468, 0.4811, 
0.48083, 0.49158, 0.45318, 0.52874)
"N" <-
  68
