"score1" <-
c(0.446, 0.334, -0.233, -0.304, -0.256, 0.515, -0.652, 0.271, -0.556, 
0.955, 0.307, -0.434, -0.272, -0.404, 0.415, 0.39, -0.755, 0.598, 
-0.527, 0.745, -0.62, -0.711, -0.681, -0.85, -0.957, 0.569, 0.321, 
-0.491, -0.8, -0.606, -0.687, 0, -0.638, -0.276, -0.28, 0.348, 
0.417, -0.6, 0.477, -0.69, 0.571, 0.653, -0.731, -0.799, -0.453, 
-0.769, -0.663, -0.923, -0.364, 0.159, 0.71, 0.28, 0.464, -0.655, 
0.363, 0.716, 0.649, 0.586, 0.472, -0.385, -0.695, 0.459, 0.61, 
-0.262, -0.572, 0.305, 0.668, 0.572, 0.553, -0.524, -0.636, -0.529, 
0.115, 0.249, 0.129, 0.262, -0.36, -0.561, 0.324, -0.309, 0.533, 
0.527, 0.387, 0.35, 0.339, -0.474, 0.435, 0.432, 0.21, -0.57, 
-0.421, 0.338, -0.812, 0.371, -0.462, 0.478, 0.531, -0.751, 0.435, 
-0.34, -0.119, -0.272, -0.777, -0.762, -0.745, -0.347, 0.577, -0.8, 
-0.657, -0.223, -0.615, -0.549, 0.293, -0.859, 0.88, -0.917, 0.205, 
-0.227, 0.356, 0.42, 0.44, 0.532, -0.672, -0.163, -0.506, -0.53, 
-0.267, -0.347, 0.467, 0.765, 0.193, -0.49, -0.251, -0.034, 0.162, 
0.465, 0.363, -0.426, 0.527, 0.22, -0.312, -0.386, -0.496, 0.516, 
0.559, 0.275, -0.284, 0.301, 0.189, -0.517, -0.602, -0.491, 0.638, 
-0.617, 0.007, -0.792, -0.54, 0.206, -0.804, -0.413, 0.191, -0.678, 
-0.596, -0.673, -0.332, 0.406, 0, 0.232, 0.385, -0.2, 0.265, 
-0.451, -0.716, 0.542, -0.494, -0.861, -0.899, -0.518, -0.189, 0.326, 
-0.711, -0.756, -0.115, -0.565, 0, -0.652, -0.241, -0.112, 0.08, 
-0.526, 0.43, -0.588, -0.205, -0.306, 1, 0.36, -0.247, -0.357, 
0.235, -0.306, 0.43, -0.294, 0.37, 0.469, -0.246, -0.231, 0.265, 
0.126, 0.168, -0.362, 0.244, -0.424, -0.408, -0.878, 0.403, -0.465, 
0.256, 0.286, -0.464, -0.462, 0.215, 0.405, -0.559, -0.697, -0.428, 
-0.832, -0.84, 0.276, -0.517, -0.757, -0.733, -0.587, 0.002, -0.337, 
0.593, 0.089, 0.396, 0.215, -0.648, 0.675, -0.553, -0.404, 0.269, 
0.107, -0.674, -0.241, -0.453, 0.632, -0.463, -0.412, 0.596, 0.548, 
-0.958, -0.316, -0.339, 0, 0.42, -0.374, 0.388, -0.432, 0.285, 
0.638, -0.339, 0.342, -0.811, 0.24, -0.442, -0.557, 0.339, 0.221, 
-0.287, -0.286, -0.196, 0.485, -0.178, 0.449, -0.611, -0.505, -0.413, 
-0.75, -0.449, -0.308, -0.239, 0.276, 0.213, -0.392, -0.312, -0.836, 
-0.316, 0.716, 0.467, 0.361, -0.563, 0.319, -0.336, -0.596, -0.324, 
0.249, 0.574, -0.282, -0.318, -0.557, -0.31, 0.058, -0.467, 0.552, 
0.651, -0.464, -0.226, -0.102, -0.182, -0.218, -0.296, -0.485, -0.008, 
0.314, 0.456, 0.759, 0.455, -0.365, 0.904, -0.29, -0.419, -0.662, 
0.485, -0.379, -0.079, 0.151, -0.207, -0.674, -0.189, -0.229, 0.447, 
-0.483, -0.436, 0.335, -0.396, -0.383, -0.733, -0.319, -0.598, -0.45, 
-0.806, 0.413, -0.417, -0.424, -0.324, 0, -0.268, 0.332, 0.191, 
-0.438, -0.421, 0.421, -0.58, 0.43, 0.778)
"party" <-
c(1, 1, 0, 0, 0, 1, 0, 1, 0, 1, 1, 0, 0, 0, 1, 1, 0, 1, 
0, 1, 0, 0, 0, 0, 0, 1, 1, 0, 0, 0, 0, 0, 0, 0, 0, 1, 
1, 0, 1, 0, 1, 1, 0, 0, 0, 0, 0, 0, 0, 1, 1, 1, 1, 0, 
1, 1, 1, 1, 1, 0, 0, 1, 1, 0, 0, 1, 1, 1, 1, 0, 0, 0, 
1, 1, 1, 1, 0, 0, 1, 0, 1, 1, 1, 1, 1, 0, 1, 1, 1, 0, 
0, 1, 0, 1, 0, 1, 1, 0, 1, 0, 0, 0, 0, 0, 0, 0, 1, 0, 
0, 0, 0, 0, 1, 0, 1, 0, 1, 0, 1, 1, 1, 1, 0, 0, 0, 0, 
0, 0, 1, 1, 1, 0, 0, 0, 1, 1, 1, 0, 1, 1, 0, 0, 0, 0, 
1, 1, 0, 1, 1, 0, 0, 0, 1, 0, 1, 0, 0, 1, 0, 0, 1, 0, 
0, 0, 0, 1, 1, 1, 1, 0, 1, 0, 0, 1, 0, 0, 0, 0, 0, 1, 
0, 0, 0, 0, 0, 0, 0, 0, 0, 0, 1, 0, 0, 0, 1, 1, 0, 0, 
1, 0, 1, 0, 1, 1, 0, 0, 1, 1, 1, 0, 1, 0, 0, 0, 1, 0, 
1, 1, 0, 0, 1, 1, 0, 0, 0, 0, 0, 1, 0, 0, 0, 0, 1, 0, 
1, 1, 1, 1, 0, 1, 0, 0, 1, 1, 0, 0, 0, 1, 0, 0, 1, 1, 
0, 0, 0, 1, 1, 0, 1, 0, 1, 1, 0, 1, 0, 1, 0, 0, 1, 1, 
0, 0, 0, 1, 0, 0, 0, 0, 0, 0, 0, 0, 0, 1, 1, 0, 0, 0, 
0, 1, 1, 1, 0, 1, 0, 0, 0, 1, 1, 0, 0, 0, 0, 0, 0, 1, 
1, 0, 0, 0, 0, 0, 0, 0, 0, 1, 1, 1, 1, 0, 1, 0, 0, 0, 
1, 0, 0, 1, 0, 0, 0, 0, 1, 0, 0, 1, 0, 0, 0, 0, 0, 0, 
0, 1, 0, 0, 0, 0, 0, 1, 1, 0, 0, 1, 0, 1, 1)
"x" <-
c(0.62073, 0.50803, 0.38243, 0.29769, 0.32751, 0.53766, 0.20003, 0.52211, 
0.31267, 0.64143, 0.69113, 0.4386, 0.30166, 0.25836, 0.51547, 0.52337, 
0.48624, 0.6997, 0.44023, 0.52155, 0.27056, 0.34029, 0.26339, 0.11808, 
0.24639, 0.51974, 0.51058, 0.25312, 0.34413, 0.40795, 0.32953, 0.24786, 
0.24786, 0.49746, 0.35147, 0.65244, 0.56695, 0.41326, 0.61132, 0.33061, 
0.55735, 0.61522, 0.29519, 0.29105, 0.37431, 0.32522, 0.35688, 0.14471, 
0.46588, 0.52851, 0.59976, 0.66977, 0.63386, 0.46468, 0.50146, 0.58298, 
0.55057, 0.68204, 0.67643, 0.45479, 0.33838, 0.62496, 0.56197, 0.31161, 
0.34932, 0.55589, 0.57841, 0.73456, 0.60929, 0.31317, 0.49202, 0.34321, 
0.71588, 0.58376, 0.73444, 0.56583, 0.26535, 0.40704, 0.56748, 0.46855, 
0.65356, 0.5648, 0.68544, 0.58923, 0.56574, 0.43466, 0.5211, 0.57848, 
0.66778, 0.36927, 0.41153, 0.58358, 0.3472, 0.57824, 0.36303, 0.5476, 
0.50535, 0.27866, 0.5774, 0.42676, 0.40807, 0.46187, 0.269, 0.24326, 
0.23361, 0.39222, 0.63184, 0.17263, 0.14893, 0.36479, 0.22429, 0.40576, 
0.65506, 0.16202, 0.57952, 0.28441, 0.6451, 0.28755, 0.68356, 0.67344, 
0.59395, 0.55633, 0.39899, 0.30858, 0.43497, 0.30577, 0.42555, 0.37938, 
0.51025, 0.7216, 0.59481, 0.46316, 0.30323, 0.35376, 0.68572, 0.50557, 
0.50985, 0.37223, 0.69978, 0.60688, 0.44899, 0.39264, 0.38573, 0.38573, 
0.61472, 0.54619, 0.39304, 0.63019, 0.5157, 0.26491, 0.24807, 0.453, 
0.54172, 0.14696, 0.72526, 0.45737, 0.36919, 0.53215, 0.27899, 0.4182, 
0.54996, 0.30921, 0.23621, 0.28612, 0.44693, 0.6433, 0.62873, 0.62873, 
0.64243, 0.38675, 0.61811, 0.45492, 0.45402, 0.58933, 0.46466, 0.16218, 
0.1762, 0.32534, 0.49892, 0.65686, 0.38902, 0.30686, 0.4934, 0.33405, 
0.23623, 0.23623, 0.18801, 0.25027, 0.35894, 0.31943, 0.51447, 0.34092, 
0.29618, 0.44554, 0.6164, 0.62956, 0.48792, 0.48202, 0.59707, 0.48782, 
0.71694, 0.39632, 0.52085, 0.55594, 0.36677, 0.29784, 0.61687, 0.63822, 
0.7438, 0.4605, 0.5555, 0.46674, 0.38783, 0.20455, 0.67722, 0.32221, 
0.62639, 0.56453, 0.30757, 0.48268, 0.53174, 0.51616, 0.4621, 0.1896, 
0.4305, 0.15593, 0.21122, 0.59476, 0.48884, 0.08557, 0.1441, 0.44448, 
0.69223, 0.35404, 0.65426, 0.69329, 0.71945, 0.55728, 0.48085, 0.63527, 
0.44345, 0.43327, 0.53012, 0.74342, 0.31933, 0.44252, 0.34279, 0.70785, 
0.4186, 0.38833, 0.65297, 0.54651, 0.27964, 0.40961, 0.45784, 0.70067, 
0.70067, 0.40331, 0.61406, 0.49283, 0.71255, 0.73979, 0.2286, 0.56795, 
0.22089, 0.71237, 0.39794, 0.32238, 0.53771, 0.63724, 0.15838, 0.47366, 
0.24909, 0.53392, 0.32227, 0.32227, 0.4797, 0.19451, 0.28567, 0.19084, 
0.39881, 0.20617, 0.47928, 0.66349, 0.5318, 0.32906, 0.4973, 0.27016, 
0.4718, 0.64838, 0.69505, 0.56863, 0.25713, 0.51468, 0.38746, 0.34713, 
0.27978, 0.70598, 0.73723, 0.28295, 0.41793, 0.32959, 0.43727, 0.39586, 
0.38773, 0.71896, 0.77033, 0.44785, 0.32597, 0.3723, 0.39668, 0.28586, 
0.39572, 0.4811, 0.33932, 0.77925, 0.75246, 0.68898, 0.60565, 0.40204, 
0.73114, 0.43446, 0.35074, 0.25983, 0.69962, 0.48083, 0.38356, 0.59788, 
0.43941, 0.21271, 0.31623, 0.31094, 0.60072, 0.42575, 0.36913, 0.65595, 
0.41699, 0.4335, 0.44027, 0.49158, 0.44821, 0.30357, 0.19566, 0.64018, 
0.45318, 0.29101, 0.34361, 0.41435, 0.41435, 0.62656, 0.57481, 0.32851, 
0.30453, 0.52874, 0.35574, 0.70094, 0.71375)
"N" <-
357
