"N" <-
357
"score1" <-
c(0.446, 0.334, -0.233, -0.304, -0.256, 0.515, -0.652, 0.271, -0.556, 
0.955, 0.307, -0.434, -0.272, -0.404, 0.415, 0.39, -0.755, 0.598, 
-0.527, 0.745, -0.62, -0.711, -0.681, -0.85, -0.957, 0.569, 0.321, 
-0.491, -0.8, -0.606, -0.687, 0, -0.638, -0.276, -0.28, 0.348, 
0.417, -0.6, 0.477, -0.69, 0.571, 0.653, -0.731, -0.799, -0.453, 
-0.769, -0.663, -0.923, -0.364, 0.159, 0.71, 0.28, 0.464, -0.655, 
0.363, 0.716, 0.649, 0.586, 0.472, -0.385, -0.695, 0.459, 0.61, 
-0.262, -0.572, 0.305, 0.668, 0.572, 0.553, -0.524, -0.636, -0.529, 
0.115, 0.249, 0.129, 0.262, -0.36, -0.561, 0.324, -0.309, 0.533, 
0.527, 0.387, 0.35, 0.339, -0.474, 0.435, 0.432, 0.21, -0.57, 
-0.421, 0.338, -0.812, 0.371, -0.462, 0.478, 0.531, -0.751, 0.435, 
-0.34, -0.119, -0.272, -0.777, -0.762, -0.745, -0.347, 0.577, -0.8, 
-0.657, -0.223, -0.615, -0.549, 0.293, -0.859, 0.88, -0.917, 0.205, 
-0.227, 0.356, 0.42, 0.44, 0.532, -0.672, -0.163, -0.506, -0.53, 
-0.267, -0.347, 0.467, 0.765, 0.193, -0.49, -0.251, -0.034, 0.162, 
0.465, 0.363, -0.426, 0.527, 0.22, -0.312, -0.386, -0.496, 0.516, 
0.559, 0.275, -0.284, 0.301, 0.189, -0.517, -0.602, -0.491, 0.638, 
-0.617, 0.007, -0.792, -0.54, 0.206, -0.804, -0.413, 0.191, -0.678, 
-0.596, -0.673, -0.332, 0.406, 0, 0.232, 0.385, -0.2, 0.265, 
-0.451, -0.716, 0.542, -0.494, -0.861, -0.899, -0.518, -0.189, 0.326, 
-0.711, -0.756, -0.115, -0.565, 0, -0.652, -0.241, -0.112, 0.08, 
-0.526, 0.43, -0.588, -0.205, -0.306, 1, 0.36, -0.247, -0.357, 
0.235, -0.306, 0.43, -0.294, 0.37, 0.469, -0.246, -0.231, 0.265, 
0.126, 0.168, -0.362, 0.244, -0.424, -0.408, -0.878, 0.403, -0.465, 
0.256, 0.286, -0.464, -0.462, 0.215, 0.405, -0.559, -0.697, -0.428, 
-0.832, -0.84, 0.276, -0.517, -0.757, -0.733, -0.587, 0.002, -0.337, 
0.593, 0.089, 0.396, 0.215, -0.648, 0.675, -0.553, -0.404, 0.269, 
0.107, -0.674, -0.241, -0.453, 0.632, -0.463, -0.412, 0.596, 0.548, 
-0.958, -0.316, -0.339, 0, 0.42, -0.374, 0.388, -0.432, 0.285, 
0.638, -0.339, 0.342, -0.811, 0.24, -0.442, -0.557, 0.339, 0.221, 
-0.287, -0.286, -0.196, 0.485, -0.178, 0.449, -0.611, -0.505, -0.413, 
-0.75, -0.449, -0.308, -0.239, 0.276, 0.213, -0.392, -0.312, -0.836, 
-0.316, 0.716, 0.467, 0.361, -0.563, 0.319, -0.336, -0.596, -0.324, 
0.249, 0.574, -0.282, -0.318, -0.557, -0.31, 0.058, -0.467, 0.552, 
0.651, -0.464, -0.226, -0.102, -0.182, -0.218, -0.296, -0.485, -0.008, 
0.314, 0.456, 0.759, 0.455, -0.365, 0.904, -0.29, -0.419, -0.662, 
0.485, -0.379, -0.079, 0.151, -0.207, -0.674, -0.189, -0.229, 0.447, 
-0.483, -0.436, 0.335, -0.396, -0.383, -0.733, -0.319, -0.598, -0.45, 
-0.806, 0.413, -0.417, -0.424, -0.324, 0, -0.268, 0.332, 0.191, 
-0.438, -0.421, 0.421, -0.58, 0.43, 0.778)
"party" <-
c(1, 1, 0, 0, 0, 1, 0, 1, 0, 1, 1, 0, 0, 0, 1, 1, 0, 1, 
0, 1, 0, 0, 0, 0, 0, 1, 1, 0, 0, 0, 0, 0, 0, 0, 0, 1, 
1, 0, 1, 0, 1, 1, 0, 0, 0, 0, 0, 0, 0, 1, 1, 1, 1, 0, 
1, 1, 1, 1, 1, 0, 0, 1, 1, 0, 0, 1, 1, 1, 1, 0, 0, 0, 
1, 1, 1, 1, 0, 0, 1, 0, 1, 1, 1, 1, 1, 0, 1, 1, 1, 0, 
0, 1, 0, 1, 0, 1, 1, 0, 1, 0, 0, 0, 0, 0, 0, 0, 1, 0, 
0, 0, 0, 0, 1, 0, 1, 0, 1, 0, 1, 1, 1, 1, 0, 0, 0, 0, 
0, 0, 1, 1, 1, 0, 0, 0, 1, 1, 1, 0, 1, 1, 0, 0, 0, 0, 
1, 1, 0, 1, 1, 0, 0, 0, 1, 0, 1, 0, 0, 1, 0, 0, 1, 0, 
0, 0, 0, 1, 1, 1, 1, 0, 1, 0, 0, 1, 0, 0, 0, 0, 0, 1, 
0, 0, 0, 0, 0, 0, 0, 0, 0, 0, 1, 0, 0, 0, 1, 1, 0, 0, 
1, 0, 1, 0, 1, 1, 0, 0, 1, 1, 1, 0, 1, 0, 0, 0, 1, 0, 
1, 1, 0, 0, 1, 1, 0, 0, 0, 0, 0, 1, 0, 0, 0, 0, 1, 0, 
1, 1, 1, 1, 0, 1, 0, 0, 1, 1, 0, 0, 0, 1, 0, 0, 1, 1, 
0, 0, 0, 1, 1, 0, 1, 0, 1, 1, 0, 1, 0, 1, 0, 0, 1, 1, 
0, 0, 0, 1, 0, 0, 0, 0, 0, 0, 0, 0, 0, 1, 1, 0, 0, 0, 
0, 1, 1, 1, 0, 1, 0, 0, 0, 1, 1, 0, 0, 0, 0, 0, 0, 1, 
1, 0, 0, 0, 0, 0, 0, 0, 0, 1, 1, 1, 1, 0, 1, 0, 0, 0, 
1, 0, 0, 1, 0, 0, 0, 0, 1, 0, 0, 1, 0, 0, 0, 0, 0, 0, 
0, 1, 0, 0, 0, 0, 0, 1, 1, 0, 0, 1, 0, 1, 1)
"z1" <-
c(0, 0, -0.11757, -0.20231, -0.17249, 0, -0.29997, 0, 
-0.18733, 0, 0, -0.0614, -0.19834, -0.24164, 0, 0, 
-0.01376, 0, -0.05977, 0, -0.22944, -0.15971, -0.23661, -0.38192, 
-0.25361, 0, 0, -0.24688, -0.15587, -0.09205, -0.17047, -0.25214, 
-0.25214, -0.00254, -0.14853, 0, 0, -0.08674, 0, -0.16939, 
0, 0, -0.20481, -0.20895, -0.12569, -0.17478, -0.14312, -0.35529, 
-0.03412, 0, 0, 0, 0, -0.03532, 0, 0, 
0, 0, 0, -0.04521, -0.16162, 0, 0, -0.18839, 
-0.15068, 0, 0, 0, 0, -0.18683, -0.00798, -0.15679, 
0, 0, 0, 0, -0.23465, -0.09296, 0, -0.03145, 
0, 0, 0, 0, 0, -0.06534, 0, 0, 
0, -0.13073, -0.08847, 0, -0.1528, 0, -0.13697, 0, 
0, -0.22134, 0, -0.07324, -0.09193, -0.03813, -0.231, -0.25674, 
-0.26639, -0.10778, 0, -0.32737, -0.35107, -0.13521, -0.27571, -0.09424, 
0, -0.33798, 0, -0.21559, 0, -0.21245, 0, 0, 
0, 0, -0.10101, -0.19142, -0.06503, -0.19423, -0.07445, -0.12062, 
0, 0, 0, -0.03684, -0.19677, -0.14624, 0, 0, 
0, -0.12777, 0, 0, -0.05101, -0.10736, -0.11427, -0.11427, 
0, 0, -0.10696, 0, 0, -0.23509, -0.25193, -0.047, 
0, -0.35304, 0, -0.04263, -0.13081, 0, -0.22101, -0.0818, 
0, -0.19079, -0.26379, -0.21388, -0.05307, 0, 0, 0, 
0, -0.11325, 0, -0.04508, -0.04598, 0, -0.03534, -0.33782, 
-0.3238, -0.17466, -0.00108, 0, -0.11098, -0.19314, -0.0066, -0.16595, 
-0.26377, -0.26377, -0.31199, -0.24973, -0.14106, -0.18057, 0, -0.15908, 
-0.20382, -0.05446, 0, 0, -0.01208, -0.01798, 0, -0.01218, 
0, -0.10368, 0, 0, -0.13323, -0.20216, 0, 0, 
0, -0.0395, 0, -0.03326, -0.11217, -0.29545, 0, -0.17779, 
0, 0, -0.19243, -0.01732, 0, 0, -0.0379, -0.3104, 
-0.0695, -0.34407, -0.28878, 0, -0.01116, -0.41443, -0.3559, -0.05552, 
0, -0.14596, 0, 0, 0, 0, -0.01915, 0, 
-0.05655, -0.06673, 0, 0, -0.18067, -0.05748, -0.15721, 0, 
-0.0814, -0.11167, 0, 0, -0.22036, -0.09039, -0.04216, 0, 
0, -0.09669, 0, -0.00717, 0, 0, -0.2714, 0, 
-0.27911, 0, -0.10206, -0.17762, 0, 0, -0.34162, -0.02634, 
-0.25091, 0, -0.17773, -0.17773, -0.0203, -0.30549, -0.21433, -0.30916, 
-0.10119, -0.29383, -0.02072, 0, 0, -0.17094, -0.0027, -0.22984, 
-0.0282, 0, 0, 0, -0.24287, 0, -0.11254, -0.15287, 
-0.22022, 0, 0, -0.21705, -0.08207, -0.17041, -0.06273, -0.10414, 
-0.11227, 0, 0, -0.05215, -0.17403, -0.1277, -0.10332, -0.21414, 
-0.10428, -0.0189, -0.16068, 0, 0, 0, 0, -0.09796, 
0, -0.06554, -0.14926, -0.24017, 0, -0.01917, -0.11644, 0, 
-0.06059, -0.28729, -0.18377, -0.18906, 0, -0.07425, -0.13087, 0, 
-0.08301, -0.0665, -0.05973, -0.00842, -0.05179, -0.19643, -0.30434, 0, 
-0.04682, -0.20899, -0.15639, -0.08565, -0.08565, 0, 0, -0.17149, 
-0.19547, 0, -0.14426, 0, 0)
