"y" <-
c(30, 37, 46, 14, 63, 36, 45, 47, 50, 52, 52, 29, 16, 28, 21, 45, 24, 16, 
46, 50, 48, 42, 23, 27, 13, 18, 27, 17, 20, 15, 11, 17, 43, 27, 41, 23, 
39, 12, 17, 16, 22, 19, 11, 6, 8, 48, 48, 36, 20, 13, 10, 47, 13, 32, 
15, 14, 21, 16, 15, 20, 48, 19, 31, 28, 40, 46, 43, 47, 38, 42, 49, 17, 
23, 42, 43, 48, 51, 45, 50, 30, 45, 53, 45, 21, 43, 37, 51, 20, 32, 51, 
16, 36, 40, 36, 46, 43, 42, 33, 23, 19, 47, 36, 48, 36, 42, 29, 45, 37, 
48, 48, 35, 21, 26, 32, 15, 11, 14, 19, 16, 18, 44, 16, 35, 15, 12, 18, 
15, 13, 17, 13, 31, 13, 13, 13, 36, 15, 22, 26, 13, 14, 46, 25, 26, 42, 
15, 25, 43, 27, 14, 17, 15, 16, 15, 23, 7, 14, 24, 17, 16, 37, 8, 32, 
22, 22, 28, 20, 6, 14, 15, 11, 20, 16, 29, 22, 13, 20, 12, 16, 19, 16, 
11, 16, 19, 11, 15, 14, 16, 13, 13, 24, 13, 25, 25, 43, 44, 13, 15, 0, 
18, 10, 15, 33, 19, 15, 41, 30, 24, 45, 17, 14, 15, 14, 19, 17, 16, 32, 
18, 40, 23, 23, 23, 46, 11, 20, 44, 19, 13, 15, 13, 16, 49, 13, 54, 34, 
44, 33, 26, 19, 35, 32)
"watched" <-
c(0, 1, 1, 0, 1, 1, 1, 1, 1, 1, 1, 1, 0, 1, 1, 1, 1, 1, 1, 1, 1, 1, 1, 1, 1, 
1, 1, 1, 1, 1, 1, 1, 1, 1, 1, 1, 1, 0, 1, 1, 1, 1, 1, 0, 1, 1, 1, 1, 1, 1, 
0, 1, 0, 1, 1, 0, 1, 0, 1, 1, 1, 0, 1, 1, 1, 0, 1, 1, 1, 1, 1, 1, 1, 1, 1, 
1, 1, 1, 1, 1, 1, 1, 1, 1, 1, 1, 1, 1, 1, 1, 1, 1, 1, 1, 1, 1, 1, 1, 1, 0, 
1, 1, 1, 1, 1, 1, 1, 1, 1, 1, 1, 1, 1, 1, 0, 1, 0, 1, 0, 1, 1, 1, 1, 0, 0, 
1, 1, 0, 1, 1, 1, 1, 1, 0, 1, 1, 1, 1, 1, 1, 1, 1, 1, 1, 1, 1, 1, 1, 1, 1, 
1, 0, 1, 1, 0, 1, 1, 1, 1, 1, 0, 1, 1, 1, 1, 1, 0, 1, 1, 0, 1, 1, 1, 1, 1, 
1, 1, 0, 1, 0, 0, 0, 0, 0, 0, 0, 1, 0, 1, 1, 1, 1, 0, 0, 0, 0, 0, 0, 0, 0, 
0, 1, 1, 0, 1, 1, 0, 1, 0, 1, 0, 1, 0, 1, 1, 1, 1, 1, 1, 0, 1, 1, 1, 1, 1, 
0, 0, 0, 0, 0, 0, 1, 1, 1, 1, 1, 1, 1, 1, 1)
"encouraged" <-
c(1, 1, 0, 0, 0, 0, 0, 1, 1, 1, 0, 0, 0, 1, 1, 1, 1, 1, 1, 0, 1, 1, 1, 1, 1, 
1, 0, 1, 0, 1, 1, 1, 1, 1, 1, 1, 0, 0, 1, 1, 1, 1, 0, 0, 0, 0, 0, 1, 1, 0, 
0, 0, 0, 0, 0, 0, 1, 0, 0, 0, 0, 0, 0, 0, 0, 1, 1, 1, 0, 0, 0, 0, 1, 1, 1, 
1, 1, 1, 1, 0, 0, 1, 1, 1, 1, 1, 0, 0, 0, 0, 1, 1, 1, 1, 1, 1, 1, 0, 0, 0, 
1, 1, 1, 1, 1, 1, 1, 1, 1, 1, 1, 1, 1, 1, 0, 1, 0, 1, 1, 0, 0, 0, 0, 0, 1, 
1, 1, 0, 0, 1, 1, 1, 1, 1, 1, 0, 1, 1, 1, 1, 1, 1, 1, 0, 1, 1, 1, 1, 1, 1, 
1, 0, 1, 1, 1, 1, 1, 1, 1, 1, 1, 1, 1, 1, 1, 1, 1, 1, 1, 0, 1, 1, 0, 1, 1, 
1, 1, 0, 1, 0, 0, 0, 0, 0, 0, 0, 1, 1, 1, 1, 1, 1, 0, 0, 0, 0, 0, 0, 0, 0, 
0, 1, 1, 1, 1, 1, 1, 1, 1, 0, 0, 0, 0, 0, 0, 1, 1, 1, 1, 0, 1, 1, 1, 1, 1, 
1, 1, 0, 0, 0, 0, 1, 1, 1, 1, 1, 1, 1, 1, 1)
"pretest" <-
  c(23, 26, 14, 11, 47, 26, 12, 48, 44, 38, 48, 25, 8, 11, 15, 12, 15, 12, 
16, 19, 24, 15, 9, 6, 7, 14, 42, 13, 13, 5, 4, 8, 15, 11, 17, 12, 
7, 12, 16, 18, 14, 13, 12, 2, 18, 13, 38, 10, 15, 35, 11, 39, 11, 11, 
10, 15, 14, 17, 10, 13, 35, 12, 13, 16, 27, 18, 15, 19, 14, 10, 22, 13, 
13, 26, 12, 30, 13, 27, 19, 12, 14, 44, 13, 12, 14, 17, 10, 12, 29, 46, 
17, 25, 17, 16, 22, 14, 28, 18, 13, 10, 11, 13, 23, 17, 9, 16, 15, 22, 
22, 16, 8, 15, 16, 6, 14, 16, 15, 6, 11, 12, 19, 13, 17, 14, 18, 14, 
14, 9, 14, 9, 19, 14, 4, 5, 18, 13, 12, 16, 11, 16, 20, 13, 12, 28, 
12, 18, 15, 17, 13, 13, 10, 9, 7, 11, 24, 11, 19, 18, 15, 14, 13, 15, 
11, 10, 12, 10, 13, 5, 12, 12, 17, 10, 11, 10, 13, 19, 7, 16, 8, 13, 
15, 12, 16, 3, 19, 12, 13, 20, 4, 11, 12, 16, 23, 30, 29, 19, 17, 1, 
13, 12, 17, 17, 11, 12, 14, 15, 14, 15, 18, 21, 7, 13, 19, 12, 8, 17, 
9, 12, 11, 15, 14, 17, 8, 17, 18, 11, 16, 16, 5, 12, 40, 9, 55, 13, 
25, 15, 16, 13, 16, 11)
"site" <-
c(1, 1, 1, 1, 1, 1, 1, 1, 1, 1, 1, 1, 1, 1, 1, 1, 1, 1, 1, 1, 1, 1, 1, 1, 1, 
1, 1, 1, 1, 1, 1, 1, 1, 1, 1, 1, 1, 1, 1, 1, 1, 1, 1, 1, 1, 1, 1, 1, 1, 1, 
1, 1, 1, 1, 1, 1, 1, 1, 1, 1, 2, 2, 2, 2, 2, 2, 2, 2, 2, 2, 2, 2, 2, 2, 2, 
2, 2, 2, 2, 2, 2, 2, 2, 2, 2, 2, 2, 2, 2, 2, 2, 2, 2, 2, 2, 2, 2, 2, 2, 2, 
2, 2, 2, 2, 2, 2, 2, 2, 2, 2, 2, 2, 2, 2, 2, 3, 3, 3, 3, 3, 3, 3, 3, 3, 3, 
3, 3, 3, 3, 3, 3, 3, 3, 3, 3, 3, 3, 3, 3, 3, 3, 3, 3, 3, 3, 3, 3, 3, 3, 3, 
3, 3, 3, 3, 3, 3, 3, 3, 3, 3, 3, 3, 3, 3, 3, 3, 3, 3, 3, 3, 3, 3, 3, 3, 3, 
3, 3, 3, 3, 4, 4, 4, 4, 4, 4, 4, 4, 4, 4, 4, 4, 4, 4, 4, 4, 4, 4, 4, 4, 4, 
4, 4, 4, 4, 4, 4, 4, 4, 4, 4, 4, 4, 4, 4, 4, 4, 4, 4, 4, 4, 4, 4, 5, 5, 5, 
5, 5, 5, 5, 5, 5, 5, 5, 5, 5, 5, 5, 5, 5, 5)
"setting" <-
c(2, 2, 2, 2, 2, 2, 2, 2, 2, 2, 2, 2, 2, 2, 2, 2, 2, 2, 2, 2, 2, 1, 1, 1, 1, 
1, 2, 1, 1, 1, 1, 1, 1, 1, 1, 1, 1, 1, 1, 1, 1, 1, 1, 1, 1, 1, 1, 1, 1, 1, 
2, 2, 2, 2, 2, 2, 2, 2, 2, 2, 2, 2, 2, 2, 1, 1, 2, 2, 2, 2, 1, 1, 2, 2, 1, 
1, 1, 2, 2, 1, 1, 2, 2, 2, 2, 1, 2, 2, 1, 2, 2, 1, 1, 1, 1, 1, 1, 1, 1, 1, 
2, 1, 1, 1, 1, 2, 2, 1, 1, 1, 2, 1, 1, 1, 1, 1, 1, 1, 1, 2, 2, 2, 2, 1, 1, 
1, 1, 2, 2, 2, 2, 1, 1, 1, 1, 1, 1, 1, 1, 1, 1, 1, 1, 2, 1, 1, 1, 2, 1, 2, 
2, 2, 2, 2, 2, 1, 1, 1, 1, 1, 1, 1, 1, 1, 1, 1, 1, 1, 1, 1, 2, 1, 1, 1, 1, 
1, 1, 1, 1, 2, 2, 2, 2, 2, 2, 2, 2, 2, 2, 2, 2, 2, 2, 2, 2, 2, 2, 2, 2, 2, 
2, 2, 1, 1, 1, 1, 1, 1, 1, 1, 1, 1, 1, 1, 1, 1, 1, 1, 1, 2, 1, 1, 1, 1, 1, 
1, 1, 1, 1, 1, 1, 1, 1, 1, 1, 1, 1, 1, 1, 1)
"watched_hat" <-
c(1.012087, 1.0272441, 0.6239532, 0.6087961, 0.7906812, 0.6845816, 0.6138485, 
1.1383961, 1.1181866, 1.0878725, 0.7957336, 0.6795292, 0.593639, 0.9514586, 
0.9716681, 0.956511, 0.9716681, 0.956511, 0.9767205, 0.649215, 1.0171394, 
1.024923, 0.9946089, 0.9794518, 0.9845041, 1.0198707, 0.7654194, 1.0148183, 
0.6721558, 0.9743994, 0.969347, 0.9895565, 1.024923, 1.0047136, 1.0350278, 
1.009766, 0.6418416, 0.6671034, 1.0299754, 1.0400801, 1.0198707, 1.0148183, 
0.6671034, 0.6165798, 0.6974176, 0.6721558, 0.7984649, 0.9996612, 1.024923, 
0.7833078, 0.6087961, 0.7502623, 0.6087961, 0.6087961, 0.6037438, 0.6290056, 
0.9666157, 0.6391103, 0.6037438, 0.6189009, 0.7597769, 0.6435725, 0.6486249, 
0.663782, 0.7726129, 1.0698042, 1.0013921, 1.0216016, 0.6536773, 0.6334678, 
0.7473511, 0.7018799, 0.9912874, 1.0569681, 1.03949, 1.1304325, 1.0445424, 
1.0620205, 1.0216016, 0.6968275, 0.7069322, 1.1479107, 0.9912874, 0.9862351, 
0.9963398, 1.0647518, 0.6334678, 0.6435725, 0.7827177, 0.8153529, 1.0114969, 
1.1051707, 1.0647518, 1.0596995, 1.0900136, 1.0495947, 1.1203278, 0.7271417, 
0.7018799, 0.6867228, 0.9811827, 1.0445424, 1.095066, 1.0647518, 1.0243329, 
1.0064445, 1.0013921, 1.0900136, 1.0900136, 1.0596995, 0.9660256, 1.0546471, 
1.0596995, 1.0091758, 0.7069322, 0.9151815, 0.5674666, 0.8646579, 0.8899197, 
0.4990546, 0.5344211, 0.5041069, 0.5243164, 0.5624143, 0.9252862, 0.9050768, 
0.9050768, 0.4838975, 0.5091593, 0.82656, 0.8770836, 0.9050768, 0.8545531, 
0.8596055, 0.9252862, 0.5573619, 0.894972, 0.9151815, 0.8899197, 0.9151815, 
0.935391, 0.9000244, 0.894972, 0.5798924, 0.894972, 0.9252862, 0.9101291, 
0.8669789, 0.9000244, 0.8467695, 0.8316124, 0.4838975, 0.8164553, 0.8366647, 
0.9023455, 0.8899197, 0.9303386, 0.9252862, 0.9101291, 0.9050768, 0.9000244, 
0.9101291, 0.8899197, 0.8848673, 0.894972, 0.8848673, 0.9000244, 0.8596055, 
0.894972, 0.5523095, 0.8669789, 0.8848673, 0.5472572, 0.8848673, 0.9000244, 
0.9303386, 0.8697102, 0.572519, 0.8747626, 0.2752748, 0.2853795, 0.2702224, 
0.2904319, 0.2247512, 0.305589, 0.2702224, 0.6179373, 0.6533039, 0.572466, 
0.6078326, 0.6128849, 0.6330944, 0.3257984, 0.361165, 0.3561126, 0.305589, 
0.2954843, 0.2146464, 0.2752748, 0.2702224, 0.2954843, 0.6381468, 0.6610875, 
0.6661399, 0.6762446, 0.681297, 0.6762446, 0.681297, 0.6964541, 0.3689487, 
0.2982156, 0.3285297, 0.3588439, 0.3234774, 0.3032679, 0.6914017, 0.6509828, 
0.6661399, 0.6610875, 0.2853795, 0.6762446, 0.6914017, 0.6945358, 0.740007, 
0.7450594, 0.7096928, 0.7349547, 0.3922921, 0.3367161, 0.3720827, 0.5135489, 
0.6995881, 0.9319968, 0.7197976, 0.7804259, 0.7299023, 0.7349547, 0.7197976, 
0.7349547, 0.7096928)
"N" <-
240
