y <- c(0, 1, 4, 0, 2, 2, 5, 0, 1)
N <- 9

