U <-
0
N <-
501L
y <-
c(-2.02587825666432, -0.188373502845559, -0.0600746449486303, 
-1.25689621867941, -1.17760758678618, -1.15238199756782, -1.70167188984917, 
-0.864119110775403, -1.30946099204934, -2.61371464146655, -0.959075551367112, 
-0.850588449337743, -1.56999941075542, -1.07514946146896, -2.17512204243222, 
-0.871611687137445, -0.269756513188977, -0.55034809929995, -1.89357908935259, 
-0.879436509422152, -1.33145927368165, -0.689292160362664, -1.84690840172667, 
-0.402030485378622, -2.98245545358632, -0.325797226166918, -0.441869434507439, 
-1.00070819883378, -0.664295080335964, -0.667624292876201, -0.371795627154271, 
-0.529850135750675, -0.137775271903737, -0.0056047015575638, 
-0.242584644299971, -0.146823830110572, -0.116334151589422, -0.0179647891952259, 
-1.01129722993191, -0.799395108271013, -0.147830585033571, -0.51117050139693, 
-0.312184779320126, -1.45478072963533, -1.68530566817544, -0.695674715446434, 
-0.448506552746566, -1.67209417114975, -0.317622504585612, -0.694865084061175, 
-0.287929657135428, -0.963972669499962, -0.305689505297095, -0.111821751928809, 
-1.50457929740856, -0.618962158924965, -0.861534278132694, -1.37863544887754, 
-0.238548932805001, -0.143686249305657, -1.26449028445775, -0.784407986670182, 
-0.426592003477235, -1.75993715481057, -0.483604293160445, -1.00690554003884, 
-2.10534402342815, -0.760263577636571, -1.25580717810266, -0.669965627692944, 
-1.66647754470267, -1.37628738248736, -0.292495185817342, -1.20911555504702, 
-0.450306168821652, -0.158904273350112, -0.567621387176322, -0.480312433269988, 
-0.271807978944362, -0.746671918791942, -0.994128963028274, -1.52194688104127, 
-0.0362564087086261, -0.366930116745369, -0.941011879768834, 
-0.201461223375602, -0.399189849126393, -0.800709036755561, -0.0829910627445153, 
-0.531223772303693, -0.503377165962329, -1.10746319310323, -2.11275634391961, 
-0.017132099502167, -0.326187840486016, -0.141569328019576, -0.569826791751054, 
-1.59895198062489, -0.144676453574668, -0.00384427909706734, 
-0.568701696666106, -1.84419613718095, -0.393802358926364, -1.44375776607359, 
-0.960584502777798, -0.411929395348895, -0.739927876923015, -0.352613632034908, 
-1.47944248040418, -1.88969955202847, -0.548648554130591, -0.200927206035706, 
-2.00969747856014, -0.194298748301333, -0.881005739156778, -0.784067343273267, 
-0.661613180860834, -0.0790311641274385, -1.8825317089933, -0.367831248735, 
-1.14565125247797, -2.32627870306639, -1.03091004713019, -0.381645913299069, 
-0.034001430810471, -0.357407192251108, -0.917378042190637, -0.200505248294315, 
-1.21756591158905, -0.338708010233738, -1.03865001402694, -0.863976755449234, 
-1.23356522837491, -0.898271263161092, -1.11620049835022, -0.559945127241757, 
-1.06862014928563, -0.583195473975983, -1.1317067256519, -1.85637936872407, 
-1.45171191842154, -0.839078726346943, -1.76935495575164, -0.126860710248371, 
-1.14372367430578, -0.0573450017980551, -0.537204335871468, -0.0117827591501093, 
-0.026699882325615, -2.26301370264421, -2.73479674676094, -0.0439576386525883, 
-0.0936577936007412, -0.323647490373101, -0.363765351227639, 
-0.80245266265656, -0.518051199828707, -1.02735882677478, -0.173871148672643, 
-0.834001874015071, -0.420749503980066, -0.0168394474805062, 
-1.75081382158611, -0.571590041419058, -1.36404918374753, -0.392633170339955, 
-0.108743223259322, -0.322793132358257, -2.03876527180763, -0.398994278154645, 
-0.274625887073588, -0.459057769869882, -0.936029959496127, -0.118625297810289, 
-0.114674005012685, -1.34489997239834, -0.0744708899449122, -0.651714412550181, 
-0.329043539901512, -0.519225389199324, -2.15431595205171, -1.53342481164464, 
-0.600334114281375, -1.0452930956139, -2.79370864359379, -1.18305541610439, 
-0.116372060139933, -0.921976553552588, -1.4121860701173, -0.544699216998735, 
-0.737597560226285, -0.729525712984109, -1.31351823453782, -0.62225448517183, 
-0.158510895157869, -0.395816497411719, -0.0410480786528979, 
-0.852311525789342, -0.347812410301629, -0.976362372881372, -1.15643803837049, 
-2.61871004000835, -0.58528220688719, -0.659852842455018, -0.218748814759321, 
-2.01770029965554, -0.496622487387321, -0.426302064466785, -0.374813265942303, 
-0.412343789474347, -0.233390418425484, -2.15577130932573, -0.324182829616678, 
-1.62336380110698, -0.0853695711295638, -1.25824649057879, -0.109230403769058, 
-0.136181500799536, -1.22211003364558, -1.40326346518524, -1.4838068218076, 
-0.773138002457301, -0.15180960180652, -0.111306044465528, -0.378842400406036, 
-2.77926219580087, -1.99010848899874, -1.00813859918267, -1.35190010300302, 
-0.746598581299849, -1.44389126871307, -0.400241092291003, -0.881005070729289, 
-0.299363395317837, -0.197276238123503, -0.00243786130401809, 
-0.129459945787936, -0.225656861935162, -0.34540162669572, -0.674331052102392, 
-1.46085134379644, -1.80861304719193, -0.218550198561016, -2.10998262557696, 
-0.239738506803405, -2.17854113568283, -1.93028574913386, -0.651034460063016, 
-0.974392836375467, -0.693185019532796, -0.0655966096592806, 
-1.00151214684154, -0.840211730870418, -0.677257450577069, -0.39009309124123, 
-0.247860676446099, -1.54496043521505, -0.871509464517046, -0.42378160473145, 
-0.372966270735793, -2.26896158562394, -0.336082874194642, -0.0373518199674131, 
-0.328955367618457, -1.65925831426869, -1.80897821562147, -0.854883735368337, 
-1.44688481441936, -0.549093127069404, -0.279221188446253, -0.742231934900442, 
-0.55245526881663, -0.673402207614544, -0.00382473875997647, 
-1.13352818273068, -2.11111828755757, -0.292926220710049, -0.643056420975639, 
-0.823045693990085, -0.0458521600706836, -0.323387244466982, 
-0.140424828054965, -0.719818833246444, -0.154217281393741, -3.55271757573696, 
-1.20959581455403, -0.779834615841989, -0.439420011419224, -1.36494246191332, 
-0.726067447718561, -2.52785402784232, -0.178064221402768, -0.961252571017506, 
-0.191107640042939, -0.150687431335795, -0.703849450597567, -0.81778545303288, 
-0.150595881479131, -0.796242526660932, -0.917319748992824, -0.122988434490387, 
-0.226510715707454, -0.481175503073082, -0.191833785318783, -0.864187034581443, 
-0.327711511842896, -0.717322165508767, -0.354233696677849, -0.0992303027638045, 
-1.67221664691253, -1.54723533154326, -0.862274732738355, -0.935617922194321, 
-0.415106952100202, -0.0472086197946287, -0.101493508413755, 
-0.984763514380633, -0.89089266473296, -0.953676809444915, -1.36334148489489, 
-0.114107000830538, -0.0572771517395335, -1.18287224703371, -1.23045185694708, 
-1.69879565112218, -0.553999092307719, -0.310911296236179, -0.990492937417268, 
-0.153442453897071, -1.34522403473185, -0.486196106942994, -0.0236650154368728, 
-0.460589125302144, -0.0650149065762906, -0.796786184439579, 
-2.06163123648321, -0.86240682139694, -1.74987150830239, -0.730254826492719, 
-0.505528534537544, -0.671562841982572, -0.807541364757463, -0.834626554505052, 
-0.082754267732284, -2.5948029064194, -2.75024289248394, -0.163945224063602, 
-1.58767027149979, -1.0553088357869, -0.664128214868862, -0.360973339098182, 
-0.607475727847614, -0.761916877166116, -0.0496768268824684, 
-0.0809561040068687, -0.586350773050395, -0.946245828302445, 
-0.305255174390356, -0.61865453623207, -0.700259081625974, -0.178841366030449, 
-0.0522541066546909, -1.29596641675767, -0.546661579718564, -1.0413352394138, 
-0.956600236993671, -0.395793225552957, -0.5916608715997, -1.3694906580712, 
-1.01163611014364, -1.76173573431222, -0.813540259153039, -1.22381073075622, 
-0.296320731213227, -0.766478522947067, -1.08998587524598, -0.360830442247067, 
-0.700940989002022, -0.900256965673765, -0.977617527065536, -1.27296893221761, 
-0.189729208361925, -0.796578829427608, -0.0796876701595267, 
-1.15066689166127, -0.356341065745663, -0.0317375118170567, -0.734116685084052, 
-0.205738064316626, -1.33751585729719, -0.226701675749691, -0.311830135694086, 
-0.662355397483248, -3.09931353267468, -0.167050945594282, -0.295783884038144, 
