N <-
1000
y <-
c(10.0787617156523, -9.51866467444093, 9.73922587306449, 11.5662681883816, 
9.62798489000074, -9.60265090119919, 8.90114345923455, 10.866328444034, 
10.5347883361026, 8.60577222463504, -10.625227428575, -9.08615131315038, 
-8.99280046532217, 9.43533905966944, 8.92696803962787, 9.642301288006, 
9.42066621557773, 9.90838406119759, 9.63911912487384, 7.55585122379505, 
9.58069898235901, 9.63228461457187, -9.99589804304319, 8.61024296515084, 
-10.4988882191036, -8.45028703711596, 9.76066425342707, -8.68129886943495, 
9.83763492226261, 7.29698608457303, 8.78881675784227, 10.6057117460834, 
10.2807363791435, 9.54352982843898, -10.9911972452721, 12.2061931600758, 
7.76887153466896, 10.7523541087606, -9.98525551020183, 10.6248182699128, 
10.9092322100956, 9.85276119502607, 10.9778885179292, 10.4521386035968, 
10.9501292674525, 8.78767098907235, 10.4760680578381, -10.5254343756996, 
10.1066471851771, 8.98960108796381, 11.1788924241439, 8.16177207287154, 
8.78778163498527, 9.22771109933542, -10.1948463841928, -10.2952820080142, 
-9.50335957628006, 9.99524569310745, 9.79654519990185, 10.6998634277736, 
10.3014073262429, 8.33668631497077, -9.03423870378235, 9.64018036967314, 
11.6691504372573, 10.9413492009848, -11.2272839144599, 10.8911157938285, 
9.46898499012104, -9.5887646441991, 11.1152849920637, 10.1955967101101, 
11.348570300012, 10.135897719167, 11.5544531837259, 9.86110328372943, 
9.87931976177428, 10.752278211748, 10.3312880631571, 8.39765486915738, 
9.22717521672948, 8.87715287722374, 10.3908345994533, 8.87861997541676, 
9.93346546639017, 10.9956254670304, -9.28529380867817, 9.86324177715395, 
-11.4437979353353, -9.19387673640779, -11.7398350783033, -10.4013203095, 
-10.2875824887513, 9.8810095952169, 10.2244248320694, 8.87616842642094, 
11.0817433200965, 11.2615426236089, 10.8182260738274, 10.5190581651096, 
9.38550490079291, 12.827807696125, 11.5003104206829, -8.97369784173981, 
9.16657709168524, 10.4418149946038, -9.36841324191389, -10.5804663984926, 
10.1647431036369, 9.72644824357577, 10.476402714431, 10.7311506029696, 
9.26382891181627, 11.3043847535379, 10.4198438027989, -9.91726516628864, 
-10.483882474015, 11.1093058479695, -8.83241303607449, 10.0804581453455, 
10.091011715105, 10.3553007042538, 8.45462629127872, 9.958942029534, 
-9.18454036443283, 10.8157285063582, 9.65495165729484, 10.0482461316808, 
-10.905640775072, -9.98443651907025, 8.73484067100771, 8.37862639984215, 
-9.40580349855116, -10.2703152440041, 11.4642739554968, 11.5768548854893, 
7.33318938830718, 10.0390903990974, 11.0785766571347, 8.47690794542766, 
9.77532169953588, 9.71319992158507, 10.2670182524397, -10.6411181560584, 
-9.53554022933489, 12.0048819880247, 11.068294112414, -10.0476112199953, 
10.7297692474882, -10.0035802700059, 10.8842322392817, 9.90100942917067, 
7.95811834440273, 12.0537464016876, 10.6148585771334, 11.7695557842842, 
-10.1622575511924, 10.3283274641102, -9.21930070795023, -10.9812056220275, 
-10.1415857318327, -11.2562489529667, 11.5359251228164, 8.79455692191044, 
8.04628480806038, 9.57003526472078, 10.5390674610495, -10.010258765208, 
9.71633254444569, 10.2646183028619, 9.28031810911545, 9.52545784204816, 
9.87544219275188, 8.93741938562221, 11.9649315861451, 8.22806692774107, 
10.9095230555518, 8.12095747854901, 8.69662320765811, 11.1747826075257, 
10.1439847159912, -8.6921722382838, -11.804975773816, 10.3501059450885, 
9.6551446251821, 10.3322565976428, -11.1729836028224, 8.50923696349623, 
8.8578894891086, 10.2092991197477, 10.1621595029931, 10.0081847236298, 
9.56129159516384, -10.4432066820666, 9.8736814248717, -9.93494898961266, 
10.8181022046474, -8.36565834150681, 10.1723657998346, 10.1379422169029, 
10.8148837226889, -9.62070693292343, -10.3107408759354, 10.6741558699236, 
-11.6418647499083, -10.9885637415086, 10.1749081876493, 11.7678771112303, 
-9.89794804171576, -10.2874581716328, 9.1653908620136, 11.7156318787535, 
-10.6625885122872, 11.1781349786478, 10.3244312552014, 10.0642081984583, 
11.5602518174107, 10.3443603035977, 8.75911725980491, 8.94722796805182, 
9.56956921792536, -10.1309504794356, -9.5147885465912, 9.9283590779406, 
12.2328395893027, 10.4175852097228, 11.1799855377854, 11.6944884582449, 
-11.1979346263839, 10.5990249224701, 8.46531130904106, 8.09287304940918, 
-10.4349607395643, 10.033450285969, 9.86348976236917, 11.2800118872818, 
10.1429977591401, 9.16583583952832, 9.48731652641927, 8.09480196743456, 
11.5068749881894, 8.32051497775634, 10.9777036311362, 11.1807577803244, 
-9.44231502565423, 10.1904046840125, -10.9821472074464, 10.9878405188951, 
-9.5521733916081, 9.26481707287272, 10.1825896458426, 10.8219756005116, 
10.1008165456318, 10.7628687748061, 9.92090390936909, 10.6579628249169, 
-9.61545628377418, -8.99519566101998, 9.39510546534214, 11.3911257928786, 
9.68678677769843, 9.5660673490616, 10.7776928224029, -9.03554593315622, 
12.5210794021992, 10.6033297904601, -10.5716501470052, -11.4702828897835, 
8.26263836326742, 11.2634731903223, -9.97665531906082, -12.7159252945058, 
-8.81471074857334, 10.983549854338, -10.0566727606766, -9.59343549056041, 
-11.3094299496401, -10.7066912868769, -8.96610833006209, 11.0242007344117, 
10.8491427937478, -9.26175745003045, 8.6636551180621, 10.3606786467136, 
10.1390993506887, -10.3545920057504, -9.81176114667915, 8.94812420534452, 
-7.84729915691064, -11.10973934267, -8.97049177792347, -8.62284525025174, 
-9.08518894812402, 9.18235800538324, 9.59052674565536, 11.1088826236572, 
12.0591150513961, -11.0780344933821, -11.222331968246, -10.711444696028, 
9.81632041095048, 10.2374039921351, -8.62076386764043, 10.6788651818835, 
8.53465451310903, 8.86231220324369, 9.01034391877219, -9.47201121730324, 
10.2530108947054, -10.4620363576056, 9.41425920571156, -9.86297844816024, 
-11.2996452388479, 11.1129580427685, 11.6065794209202, -9.19786212394995, 
11.6345529259773, -11.3447009402143, 11.5155259028602, 9.86108612467055, 
8.46155458966665, 9.0553374479857, 9.4210845900859, 10.6101411197351, 
9.98698524477991, 8.57328785962276, 11.0265779119591, 10.2118052908858, 
9.48822006918977, -9.709674325511, 11.4895755423417, 9.45484497569441, 
-10.192610254954, 8.23195215241814, 10.6262098035123, -10.6548353134147, 
10.7406569549298, 12.0080438835213, -9.4619354198813, 9.45842990534921, 
8.40313954146295, 11.7578057914613, -9.04913262501355, 9.26991967711579, 
11.4560385077095, 11.0485057783357, -9.79982269426772, 9.43726689016695, 
-10.7568675398117, 9.62310645557329, 10.9180308553875, 9.78569200990921, 
-11.1549186595196, 10.0163780919448, 8.8567674249699, 11.0701873119837, 
-10.8284383814111, 9.34520294856411, -8.58355914738141, 9.04614723399203, 
9.97518990138801, -10.466822252265, 10.7149245846268, 9.56415807741495, 
-8.18057472663792, 8.3583809576127, 10.6741185263892, -9.48454403117852, 
11.0283684209902, 9.39414416764448, 9.44591964129117, 9.71871039604545, 
8.76829165382753, 11.3075424170342, -8.75164149425368, -10.2470782304074, 
9.81658069941223, 9.9219367166906, 9.95871616032122, -10.1675238559485, 
9.55277984251774, 11.9529156963614, 10.8645790877641, 11.0719248954016, 
8.23682452502462, -10.2615184127485, -10.3031776240722, 9.1518989363774, 
9.01113204653102, -11.441687373266, 7.95371933160899, -10.7424822395852, 
-10.3909802469706, 9.82362803837905, 9.04852235837992, -8.50172736889872, 
10.2821312885721, 8.05606153755322, 9.55880006007305, 11.5791596182345, 
-10.5918842177335, 10.6690084835082, -9.91207574282835, 7.78213174559851, 
11.4331784789297, 9.25405144119079, 10.4530454882073, 8.79853723396448, 
10.600672571192, -7.40422816215119, 12.2912539439291, 9.28522123051661, 
10.6514510506905, 8.06040110464455, 10.2065839057819, 12.1107919012356, 
11.0899790630955, 10.4114337565411, 9.52050648746652, 9.82332624489799, 
13.039033405787, 9.57909265060003, 9.44804501017956, 9.37477275170591, 
-10.0180868587078, 10.3969627282485, 10.1736869695142, -8.93124104220478, 
10.4419298185301, 8.73384842581038, 9.68372417466203, 10.0969584869323, 
