U <-
0
N <-
500L
y <-
c(-0.317337222199782, -1.82017432090736, -0.750362429348437, 
-1.03844138510209, -1.05965645057002, -0.156027355842757, -0.996145743449128, 
-0.720946510305676, -1.2874362345613, -0.932843114013397, -0.304423176057127, 
-0.174656969816067, -1.62791790202127, -1.44098269191514, -0.807443943878121, 
-0.28548994318277, -2.03902011813956, -0.305081642686712, -0.103903482670519, 
-0.0797589510444112, -0.209922362956649, -0.250120768583023, 
-0.284269068709069, -1.84259564130119, -0.20405448996819, -0.684702553665749, 
-0.291976630705263, -0.0869024422037218, -0.00210315862044088, 
-2.06130928626684, -1.62281128088224, -0.364187950646401, -1.1489729708092, 
-0.0972619240073364, -0.831326008651758, -0.149010631970158, 
-0.107839126856771, -1.25486354500306, -1.65540564809908, -1.6500295273442, 
-0.816551932034641, -1.3862811890415, -1.1240109472066, -0.0054112884483617, 
-1.05582438677798, -0.0430015716825443, -1.71670345563801, -1.29401141872038, 
-0.603283062396965, -0.559934007282674, -3.08459326078347, -0.963111590439984, 
-0.738304528985441, -0.597061486781322, -1.07383866761876, -1.15495596938627, 
-1.37975961512518, -1.90740415837086, -0.065117830814743, -0.949107790860019, 
-1.02905744986524, -0.792245366168929, -0.151334325125463, -0.203383365631862, 
-0.94556595354306, -0.874187216000998, -0.0948180109978053, -0.462024820872701, 
-0.458325247543594, -0.224288225586861, -0.33921157771497, -0.272099644956093, 
-1.46235584739941, -0.429867664191065, -0.323814730983532, -0.511377711505933, 
-1.33036403246722, -0.421130104674525, -1.10081761085681, -0.771990936174008, 
-1.02085785930502, -0.584265502803766, -0.287973145043437, -1.52185208573924, 
-0.92915255389625, -1.31398729598329, -0.136399315996222, -0.948217511291525, 
-0.820197356876679, -0.511755415291506, -0.570610177167053, -0.468717877256277, 
-2.23195069787481, -0.229046824901698, -0.812658258273444, -0.474841264001202, 
-0.71924168256559, -0.0994987228118479, -0.730374725453804, -0.462223234507437, 
-0.712894871427373, -0.183678211185378, -0.537669316120738, -0.593982022978674, 
-0.488951350015661, -0.36529316240567, -1.76615737663072, -0.302158385049973, 
-1.25792026487804, -1.11537540482055, -0.161963620325227, -1.64855705110579, 
-1.91438694865803, -0.913158314527242, -1.06952190720909, -0.720679348824492, 
-0.370388369771066, -1.25831269757567, -1.46918235414768, -0.0597718298264556, 
-0.444466582347975, -3.27195407631046, -0.630794111806273, -1.67824694213389, 
-1.1875400228657, -1.89240513296663, -0.770962794994407, -1.26327026639111, 
-1.01659835347036, -1.52903595056292, -0.930838508775996, -0.231685468656702, 
-0.904590021782108, -0.325203919902313, -0.683947005897597, -0.121675887843875, 
-0.749521023017156, -0.06530521994147, -1.1897504080078, -0.308458209377047, 
-0.450621233360929, -0.94487665444365, -0.990615574228866, -0.5169864877712, 
-0.608101216678994, -0.206411384317454, -0.679616336704264, -0.180057154942932, 
-1.92192387011165, -1.40694371951364, -0.348456789029616, -0.622603657377301, 
-0.455547910701207, -1.86399289290581, -0.275477963015718, -1.34513367962397, 
-1.74116556831029, -1.25316877763587, -0.692600520765092, -1.14324760521518, 
-0.0117247219108585, -0.212013886243961, -1.40283214399076, -0.056565340650887, 
-0.155010516317792, -0.0718857151772747, -0.809817899074761, 
-0.401592498985943, -0.549082238457223, -0.160447346744421, -1.50001211975739, 
-1.62123136031711, -1.03877966870657, -0.0380276060076581, -0.692046883741626, 
-1.90710606335966, -0.383283662967847, -0.395390677968199, -1.63119852434369, 
-1.42464791857509, -1.11043792151184, -0.108595563384717, -1.6969235687803, 
-2.05927518855656, -0.308479801218297, -0.526360559229751, -0.710821953181426, 
-0.929378281928286, -0.184846738760048, -1.20380635356176, -1.32969654455742, 
-1.68151953895604, -0.585647847514856, -0.576033739726738, -0.757569965463551, 
-0.95713280927154, -1.252339121128, -0.213009862534027, -0.383393080570331, 
-0.310425312229911, -0.997621927961892, -0.668961761523503, -0.0105338946240383, 
-2.45126604037163, -0.637901361568854, -0.689859737851576, -2.496546835806, 
-1.60568469330673, -0.033753774507081, -0.106449328456715, -0.489134505135089, 
-0.327444903024203, -1.04786531372505, -0.435059718127199, -1.25626185545172, 
-2.27829459952235, -2.22950900072476, -0.385529295378929, -0.957128844697927, 
-0.520978028916296, -1.94135981071534, -0.714500269724937, -0.306082568954236, 
-0.497117532196395, -0.677338249285453, -1.58917336204224, -0.529500610587739, 
-0.44342516233983, -0.553629285046641, -0.526826489429793, -0.36674882239318, 
-0.151604831450767, -0.0359404535889315, -0.441002063402661, 
-1.7119198585445, -0.967524139384938, -0.967148619562541, -0.979946650586596, 
-1.54172467425908, -0.875137360527541, -0.308805993582465, -0.239277677712467, 
-0.894919128250458, -0.498860191511154, -1.33014676361726, -0.779771989371332, 
-0.217839367876484, -0.349904564415585, -0.681762231690567, -0.91649862293393, 
-0.298930151658771, -1.79073378158745, -0.765777490974224, -1.03807063693337, 
-1.46236209093863, -0.215004621683288, -1.04747648443259, -0.732124444200458, 
-0.308314389897642, -1.63145610910425, -0.588367853177697, -0.594839408583103, 
-0.4897295476843, -0.00322345502936272, -1.34895345475039, -1.55982937827203, 
-0.768238545900971, -0.0415646499725777, -1.04324095121889, -0.747191154083583, 
-1.57253601898724, -2.22511439372881, -0.446058389078249, -2.11063696088575, 
-1.14700594638298, -0.618171664520038, -0.756052750123561, -1.27037810636143, 
-0.68279303311151, -0.257873789268703, -1.3220001353418, -1.43932701488597, 
-0.696718095681779, -0.426154724705073, -0.544710791087606, -0.608288334430707, 
-1.55925937143356, -0.000391928066821247, -0.0131641974538475, 
-1.04199977326224, -1.01727200017918, -0.33183522201003, -1.19365266625442, 
-0.653702447027817, -0.226220798391999, -0.246274502628147, -1.26985229198036, 
-0.304147524486896, -0.701686347531123, -0.145111914341409, -0.0820807399612504, 
-1.27334300708625, -0.258970840314409, -0.105016594467129, -0.382125547113522, 
-0.476216924793332, -1.5992786794697, -0.0431743872502843, -1.51424775870703, 
-0.1725037722745, -1.76611174109711, -2.13565820131154, -0.909419584943632, 
-0.598655728407083, -0.127301790026017, -1.64790598255517, -0.364364892774093, 
-0.602099031609503, -0.393771067453732, -0.474904703758942, -0.0229314322078038, 
-0.101586074724511, -0.385722728050495, -0.983524244077378, -2.3826580725318, 
-0.460966439438029, -0.686615094770779, -1.05553223007393, -1.17857573856004, 
-1.13339210572019, -0.588899997093544, -0.520689155040178, -2.13312396734208, 
-0.73066515073814, -0.185359616701096, -0.452750616311558, -1.40282839276749, 
-0.348217987637645, -0.844759608485508, -1.80238443010076, -0.718032332112177, 
-0.372280793565854, -1.66763530792957, -2.04454209912939, -0.259715958237355, 
-0.487287673626532, -0.0629340730084945, -0.840281406497765, 
-0.447352573119124, -0.24667665755698, -0.582365304359013, -1.29928830814461, 
-1.63184047066184, -0.650180602054272, -0.674762769894424, -0.869879723727263, 
-0.196268545164009, -1.87889712235152, -0.952360596304107, -0.304217879317122, 
-1.67511075318418, -0.519873632213361, -1.41348062879838, -0.353546522459106, 
-1.67107407885537, -0.604483630102301, -0.0999237896054572, -0.370449971816536, 
-1.365743340078, -0.724400357741216, -1.46590530855607, -0.561271556361328, 
-0.813727404660741, -1.37419730258936, -1.23700448942045, -0.480174644805949, 
-1.23775341112646, -0.380947197758052, -0.41388940548919, -1.04092154723919, 
-0.75334711723512, -0.287840021989377, -0.336549295852088, -0.0689514526869521, 
-2.45661781101075, -0.641866797287929, -0.249984975715532, -1.51911825018235, 
-0.830573542539053, -3.98818642728732, -1.88352150303117, -0.907352999022666, 
-1.01709383645905, -0.545934146157096, -0.539321825762561, -0.130466286213439, 
-1.34610810344766, -1.34102252851468, -0.87112327236287, -1.06864770355265, 
