N <-
1000
y <-
c(5.67809019001164, 6.69090481707252, 5.78920476206065, 4.90886695183457, 
4.59321963776221, 4.98935173381249, 5.38889889039964, 5.58687780336754, 
5.31317308329833, 4.83861604781425, 5.41416483384786, 5.90882318406183, 
3.53172311977636, 5.84291501286067, 4.3790373725603, 5.22321232064188, 
4.59327562937505, 5.80686354737979, 5.21579659645862, 5.42411662824597, 
4.87261315834472, 4.78497789321256, 4.48331080521651, 4.93209667670311, 
5.23446939689912, 6.62089822175733, 6.22449270970069, 4.84576729015602, 
5.28248330631611, 4.81347575545049, 4.9985873893394, 5.44754465426977, 
7.24884946761594, 5.46578572810924, 5.78820349093476, 4.23381476453774, 
6.62077451362811, 6.24500481485076, 4.73521908772035, 5.41433681329263, 
5.44128592761627, 5.75142109855936, 5.01345969940793, 5.96812831903404, 
5.30249458507942, 5.24022788473374, 5.30230370471936, 4.57460145887973, 
4.92742903161873, 6.38842595202388, 5.71325324574064, 5.6719894055145, 
5.24850403872758, 6.78196918230033, 5.10585681493874, 5.9158638371731, 
5.50240058805778, 6.09453246148889, 4.19519154244228, 5.80959496502621, 
6.30976762808092, 4.9431541127958, 4.05718175015675, 5.74594872955816, 
3.6119059695021, 6.08401335756265, 5.60114912444798, 6.16177880269278, 
5.33507938231729, 6.79628067887946, 5.40204858121837, 4.89710538527645, 
5.03289969939833, 4.57969005514784, 4.80445485561232, 5.97336159964061, 
5.57572886797735, 5.08753590865202, 5.07330122787898, 4.9600173337943, 
5.04649368194018, 7.11472749885223, 5.31651325902058, 5.91674718547782, 
5.13450078427387, 4.63124901086783, 5.14167481517202, 5.52710540298049, 
5.47654760152692, 5.80474195874325, 6.1282772835862, 5.75277645886068, 
4.78513159681018, 6.19009198152862, 4.33825119912144, 4.18923166583032, 
6.21034970886606, 6.80565305028385, 4.75845245570721, 6.14659857390723, 
4.80222206479295, 6.3818070473087, 5.35857368437961, 5.41181198814913, 
4.92026922159221, 4.79999593975563, 5.70610894241378, 5.98614239582839, 
5.69410761636128, 5.43366569629742, 5.07490382622168, 5.37390202857766, 
4.2796567702632, 4.84129391994925, 4.55574727970654, 6.21007048435429, 
4.4968281766414, 4.83449497677483, 5.93650072299015, 5.00508801491391, 
6.16907272076993, 4.37007565643561, 4.91057857673598, 4.69289484361784, 
4.79844789760942, 6.47444853795464, 6.44076613027939, 5.04070354754448, 
3.81614277233227, 4.95951712768327, 6.88727825283414, 5.34308503347063, 
5.12199084058532, 5.21390884670957, 6.28279007295982, 6.50674241480386, 
5.50940513052243, 4.51966110762505, 6.83301905223376, 5.28845835197828, 
6.71710793778971, 6.43181220684409, 3.97633352131723, 6.32265246327838, 
5.11827304594196, 4.68309136932677, 5.21635376688689, 5.4224706274702, 
5.65950473340937, 5.04232226939173, 6.99306766987542, 5.82903855540986, 
5.70719080987287, 5.80391200023381, 6.63868436880168, 5.90780225561258, 
4.94831366351084, 5.3319045903341, 5.32664422659581, 5.28038834662985, 
5.86864237098181, 5.97648496019005, 6.45515928590223, 4.82857931350925, 
5.98599387159102, 6.49060797014503, 4.42278498618642, 4.44411718446395, 
5.95101381675944, 4.92833691195618, 6.42536095728735, 5.05513918090039, 
6.63079843519251, 6.15843917782344, 5.67505977656841, 6.26722071019942, 
5.71398318058541, 6.23320299870317, 4.67967716856478, 6.19848224299622, 
4.48769794100604, 3.86680711263623, 5.19285332118763, 6.23810222087967, 
5.94136230312134, 5.88512798443293, 5.62311293514584, 4.86045697979119, 
5.54382914898098, 7.09868958251455, 5.30523065811396, 5.89878792468553, 
6.45547969877332, 6.14894798214849, 5.025704009934, 5.7768785008863, 
5.38500398714664, 5.21265568477815, 5.51236953684096, 5.17715145618072, 
4.51476320839805, 4.09691496607918, 6.45657545303979, 5.75425115334388, 
6.26538663073494, 4.35283152684503, 6.13521105371564, 5.98524361205716, 
5.16352309250319, 5.72607303878969, 5.9735912752147, 5.95315051145091, 
5.55087918013381, 5.54451672852111, 6.04878545419689, 5.42739112850143, 
5.38225905810334, 5.15469470659269, 6.67315504636386, 5.08749430613459, 
6.93389488712767, 5.09259476840185, 5.44151512201116, 6.03213488393361, 
6.76685042816534, 4.26343345497647, 6.04452407159377, 5.94640986359968, 
5.31352409953859, 6.66216018615614, 4.59008345081225, 5.11028108147076, 
5.33189430254589, 5.47403077250066, 6.2380767694681, 5.61801358753097, 
5.71135348246498, 4.27452707615527, 5.33390353146831, 4.90655630214972, 
5.35900301241219, 4.94520317922103, 4.80755735059633, 5.82198755252199, 
4.77052514760097, 5.44913864794319, 5.36124549352405, 3.89606177162078, 
6.82617111836007, 6.49526272869987, 4.69490049629498, 4.6313161253428, 
5.49062749451976, 6.02508553826397, 4.35041108085193, 5.31861130406722, 
5.52492551109286, 6.85807533034879, 4.45193970727664, 7.21370035980045, 
6.48445041602506, 5.61626159027406, 4.89310145485555, 6.21419506186572, 
6.59652440181867, 7.25388816145811, 5.05617110374536, 4.77020869341283, 
5.75297487600523, 6.10204862315661, 5.17368923564983, 5.26656248508447, 
5.2721669474986, 5.38261420198116, 5.24304233153499, 4.95155983277344, 
4.95715209331613, 6.46620899507616, 5.88626656645721, 5.23774113063251, 
5.32209152218716, 5.05204132280186, 4.89381523575393, 6.27942403686332, 
4.3544505365025, 5.84293679504544, 5.26683052145715, 4.65594111557445, 
7.24227827309412, 6.97903735358266, 5.32823152170253, 6.30076899047644, 
5.18717531885194, 5.74820886792379, 5.86372439724922, 5.19395022660405, 
3.77374561707307, 5.30275782542027, 6.08313835177833, 5.08883930427614, 
5.68935561770775, 5.38993748788415, 5.85470762181835, 6.4205892070137, 
5.46825580937079, 4.39796070319819, 6.19777891192219, 5.4779967046673, 
4.52892970371774, 4.89429479418381, 5.09057132162936, 4.67093290452658, 
3.88395853325016, 4.86970087052498, 5.52338731440605, 6.00791160861972, 
6.42848816070942, 5.3007715999813, 4.72253097882151, 4.54922862636009, 
6.30538014691632, 4.72419453315014, 5.14535291981501, 6.72026303298121, 
4.91923538759091, 5.37893392941964, 5.47239554169099, 4.28060058395395, 
5.2345852285491, 4.1003786740029, 5.54717216680379, 5.1271776444424, 
5.0814244254519, 6.34584275937, 5.72470064902825, 6.85946215462331, 
6.22831521281849, 5.61845786128904, 4.9877295224853, 5.30183942189377, 
5.51503779473224, 5.52112471092699, 4.46491054935514, 6.00954393162043, 
4.86498929842505, 5.03164379760824, 5.52911709495793, 5.28217556734682, 
6.20910060506446, 4.9151331434604, 6.26218333210348, 6.08869454450634, 
5.77777224238512, 4.90603437339328, 6.3584268948366, 5.34867659290364, 
5.01403509445578, 5.88145298532338, 5.58908136265984, 6.58379331470675, 
5.67888195177478, 6.1412776810355, 5.63221246588148, 6.88648597423909, 
5.95601977816237, 5.46548554897946, 5.73645965968136, 4.36853315853971, 
4.91421578739372, 6.1764588031578, 4.2597054343473, 6.39277237520941, 
4.41281969234919, 4.58040838127411, 4.99186664530493, 5.70141005150421, 
6.6542237022719, 4.06633787995879, 4.95517225211153, 5.32494935976495, 
4.35125570038116, 5.01864715818824, 5.11561851488571, 5.93473758520672, 
6.14840850071034, 4.74791327600239, 4.9769261032018, 5.77443278149716, 
3.96609551093628, 4.88664151152003, 7.04240040586515, 5.38249962365566, 
6.00669049110366, 5.76591887556326, 4.80467631778349, 4.67058431349523, 
6.36135178095124, 5.13446147480527, 5.74896758574496, 6.31359649765592, 
5.29651515160653, 5.05740837443321, 4.82907788485143, 7.04085692687272, 
5.44460220180957, 4.11792050006854, 5.01517692325719, 7.2534711584269, 
4.29216556390148, 5.76843910806467, 4.8084354169043, 4.81961139645166, 
5.79308474115609, 5.29298148905231, 6.56688115602435, 5.40513669648718, 
6.20777657617246, 3.79267663983283, 5.65827223569066, 6.9957857548478, 
5.85910704775121, 5.10372574726398, 5.38517668231961, 5.04197050613413, 
5.94414401861506, 5.69365103742828, 6.73622225492991, 4.63471180135325, 
4.97634511977903, 5.25972981704695, 5.08859585980391, 5.10830112817637, 
4.44479063751201, 5.62769230715833, 5.09832831025503, 3.97624280627334, 
