N <-
1000
y <-
c(6.03427057003493, 9.07271445121757, 6.36761428618196, 3.72660085550371, 
2.77965891328664, 3.96805520143748, 5.16669667119893, 5.76063341010261, 
4.93951924989498, 3.51584814344275, 5.24249450154359, 6.72646955218548, 
-0.404830640670931, 6.52874503858201, 2.1371121176809, 4.66963696192565, 
2.77982688812514, 6.42059064213938, 4.64738978937586, 5.27234988473791, 
3.61783947503416, 3.35493367963767, 2.44993241564954, 3.79629003010933, 
4.70340819069738, 8.862694665272, 7.67347812910208, 3.53730187046805, 
4.84744991894834, 3.44042726635148, 3.99576216801819, 5.34263396280931, 
10.7465484028478, 5.39735718432772, 6.36461047280429, 1.70144429361321, 
8.86232354088432, 7.73501444455229, 3.20565726316106, 5.24301043987788, 
5.32385778284881, 6.25426329567807, 4.0403790982238, 6.90438495710212, 
4.90748375523826, 4.72068365420123, 4.90691111415807, 2.72380437663918, 
3.78228709485619, 8.16527785607164, 6.13975973722191, 6.01596821654351, 
4.74551211618273, 9.345907546901, 4.31757044481621, 6.7475915115193, 
5.50720176417334, 7.28359738446666, 1.58557462732684, 6.42878489507863, 
7.92930288424277, 3.82946233838739, 1.17154525047027, 6.23784618867447, 
-0.164282091493691, 7.25204007268795, 5.80344737334395, 7.48533640807835, 
5.00523814695188, 9.38884203663837, 5.20614574365511, 3.69131615582936, 
4.09869909819498, 2.73907016544351, 3.41336456683696, 6.92008479892184, 
5.72718660393204, 4.26260772595607, 4.21990368363694, 3.8800520013829, 
4.13948104582055, 10.3441824965567, 4.94953977706174, 6.75024155643345, 
4.4035023528216, 2.89374703260349, 4.42502444551605, 5.58131620894147, 
5.42964280458076, 6.41422587622976, 7.38483185075861, 6.25832937658202, 
3.35539479043055, 7.57027594458586, 2.01475359736433, 1.56769499749095, 
7.63104912659818, 9.41695915085155, 3.27535736712163, 7.4397957217217, 
3.40666619437885, 8.14542114192609, 5.07572105313883, 5.23543596444739, 
3.76080766477663, 3.3999878192669, 6.11832682724133, 6.95842718748516, 
6.08232284908385, 5.30099708889226, 4.22471147866504, 5.12170608573298, 
1.8389703107896, 3.52388175984777, 2.66724183911962, 7.63021145306287, 
2.4904845299242, 3.5034849303245, 6.80950216897045, 4.01526404474174, 
7.50721816230978, 2.11022696930684, 3.73173573020793, 3.07868453085352, 
3.39534369282827, 8.42334561386392, 8.32229839083818, 4.12211064263343, 
0.448428316996812, 3.87855138304982, 9.6618347585024, 5.02925510041189, 
4.36597252175596, 4.6417265401287, 7.84837021887945, 8.52022724441159, 
5.52821539156728, 2.55898332287514, 9.49905715670127, 4.86537505593484, 
9.15132381336914, 8.29543662053226, 0.929000563951679, 7.96795738983513, 
4.35481913782588, 3.04927410798032, 4.64906130066067, 5.26741188241059, 
5.97851420022811, 4.12696680817518, 9.97920300962625, 6.48711566622959, 
6.12157242961861, 6.41173600070145, 8.91605310640505, 6.72340676683774, 
3.84494099053251, 4.9957137710023, 4.97993267978743, 4.84116503988955, 
6.60592711294543, 6.92945488057016, 8.36547785770668, 3.48573794052775, 
6.95798161477305, 8.47182391043509, 2.26835495855925, 2.33235155339186, 
6.85304145027832, 3.78501073586853, 8.27608287186206, 4.16541754270117, 
8.89239530557752, 7.47531753347031, 6.02517932970522, 7.80166213059826, 
6.14194954175622, 7.6996089961095, 3.03903150569433, 7.59544672898866, 
2.46309382301811, 0.600421337908688, 4.5785599635629, 7.71430666263902, 
6.82408690936402, 6.6553839532988, 5.86933880543753, 3.58137093937358, 
5.63148744694293, 10.2960687475437, 4.91569197434188, 6.69636377405658, 
8.36643909631997, 7.44684394644548, 4.07711202980199, 6.33063550265891, 
5.15501196143992, 4.63796705433444, 5.53710861052288, 4.53145436854216, 
2.54428962519415, 1.29074489823755, 8.36972635911937, 6.26275346003165, 
7.79615989220482, 2.05849458053509, 7.40563316114691, 6.95573083617148, 
4.49056927750958, 6.17821911636907, 6.92077382564409, 6.85945153435274, 
5.65263754040144, 5.63355018556334, 7.14635636259069, 5.28217338550428, 
5.14677717431001, 4.46408411977806, 9.01946513909158, 4.26248291840376, 
9.80168466138301, 4.27778430520555, 5.32454536603347, 7.09640465180082, 
9.30055128449602, 1.79030036492941, 7.13357221478133, 6.83922959079904, 
4.94057229861578, 8.98648055846844, 2.77025035243674, 4.33084324441227, 
4.99568290763766, 5.42209231750197, 7.71423030840431, 5.85404076259292, 
6.13406044739493, 1.82358122846581, 5.00171059440493, 3.71966890644918, 
5.07700903723657, 3.83560953766309, 3.42267205178899, 6.46596265756596, 
3.3115754428029, 5.34741594382957, 5.08373648057216, 0.688185314862331, 
9.47851335508022, 8.4857881860996, 3.08470148888493, 2.89394837602841, 
5.47188248355927, 7.07525661479192, 2.05123324255578, 4.95583391220167, 
5.57477653327857, 9.57422599104637, 2.35581912182993, 10.6411010794013, 
8.45335124807517, 5.8487847708222, 3.67930436456665, 7.64258518559715, 
8.78957320545602, 10.7616644843743, 4.16851331123607, 3.31062608023848, 
6.2589246280157, 7.30614586946984, 4.5210677069495, 4.79968745525342, 
4.81650084249579, 5.14784260594348, 4.72912699460498, 3.85467949832032, 
3.8714562799484, 8.39862698522849, 6.65879969937162, 4.71322339189754, 
4.96627456656149, 4.15612396840559, 3.68144570726178, 7.83827211058995, 
2.0633516095075, 6.52881038513632, 4.80049156437145, 2.96782334672336, 
10.7268348192824, 9.93711206074799, 4.9846945651076, 7.90230697142933, 
4.56152595655584, 6.24462660377137, 6.59117319174767, 4.58185067981216, 
0.321236851219198, 4.90827347626081, 7.24941505533499, 4.26651791282843, 
6.06806685312324, 5.16981246365245, 6.56412286545506, 8.26176762104109, 
5.40476742811236, 2.19388210959457, 7.59333673576656, 5.4339901140019, 
2.58678911115323, 3.68288438255143, 4.27171396488808, 3.01279871357973, 
0.651875599750494, 3.60910261157495, 5.57016194321814, 7.02373482585916, 
8.28546448212824, 4.90231479994391, 3.16759293646452, 2.64768587908029, 
7.91614044074896, 3.17258359945041, 4.43605875944502, 9.16078909894362, 
3.75770616277272, 5.13680178825892, 5.41718662507296, 1.84180175186184, 
4.70375568564731, 1.3011360220087, 5.64151650041136, 4.38153293332719, 
4.2442732763557, 8.03752827811001, 6.17410194708477, 9.57838646386995, 
7.68494563845547, 5.85537358386712, 3.9631885674559, 4.90551826568131, 
5.54511338419671, 5.56337413278096, 2.39473164806543, 7.0286317948613, 
3.59496789527514, 4.09493139282473, 5.5873512848738, 4.84652670204046, 
7.62730181519338, 3.74539943038121, 7.78654999631044, 7.26608363351902, 
6.33331672715536, 3.71810312017985, 8.0752806845098, 5.04602977871092, 
4.04210528336734, 6.64435895597015, 5.76724408797953, 8.75137994412026, 
6.03664585532434, 7.42383304310649, 5.89663739764443, 9.65945792271726, 
6.86805933448713, 5.39645664693838, 6.20937897904408, 2.10559947561912, 
3.74264736218115, 7.52937640947339, 1.7791163030419, 8.17831712562822, 
2.23845907704757, 2.74122514382234, 3.97559993591479, 6.10423015451262, 
8.96267110681571, 1.19901363987636, 3.86551675633458, 4.97484807929485, 
2.05376710114347, 4.05594147456472, 4.34685554465712, 6.80421275562017, 
7.44522550213102, 3.24373982800716, 3.9307783096054, 6.32329834449147, 
0.89828653280884, 3.65992453456008, 10.1272012175955, 5.14749887096699, 
7.02007147331097, 6.29775662668978, 3.41402895335047, 3.01175294048569, 
8.0840553428537, 4.40338442441582, 6.24690275723489, 7.94078949296774, 
4.88954545481958, 4.17222512329962, 3.48723365455428, 10.1225707806182, 
5.33380660542871, 1.35376150020561, 4.04553076977157, 10.7604134752807, 
1.87649669170445, 6.30531732419403, 3.4253062507129, 3.45883418935497, 
6.37925422346826, 4.87894446715692, 8.70064346807306, 5.21541008946155, 
7.62332972851737, 0.378029919498485, 5.97481670707198, 9.9873572645434, 
6.57732114325362, 4.31117724179194, 5.15553004695882, 4.12591151840239, 
6.83243205584517, 6.08095311228483, 9.20866676478972, 2.90413540405974, 
3.9290353593371, 4.77918945114084, 4.26578757941174, 4.32490338452911, 
2.33437191253603, 5.883076921475, 4.29498493076508, 0.928728418820021, 
