N <-
137
D <-
8
K <-
5
y <-
structure(c(0.201299862948504, -0.201547030912402, -0.307722736221928, 
-0.113909121429762, -0.317385076246514, 0.486887253813445, 0.216396070510692, 
-0.522504962507574, 0.0999884487329546, -0.374560249344118, 1.25230228963982, 
1.32117236839097, -1.78912278548354, -1.12320907618655, 0.298757334386702, 
-0.643018973086524, -0.970193822958063, 1.8359248505943, -1.08397171023892, 
-0.681463669080701, 1.37841166199148, 0.250145455841524, 1.55188888550783, 
-0.94837059139759, -0.0785677710615314, 0.630262017843849, 0.0177509756762819, 
0.0587175513653272, 1.5253088832499, 2.02971210407677, 1.48153547159389, 
1.32561539997964, 1.61868319591135, 2.57511950976033, 1.90533033463626, 
-0.0392859071131051, 0.982223977047954, 0.224932037330876, 3.96756623395838, 
0.56961898141743, 1.19038971367083, 1.46030520624806, -0.988041068794612, 
-0.13710499660733, -0.516173823435649, 1.73514001999303, 1.42450213310636, 
2.42588178197086, 1.36078286104211, 2.00757973002483, 2.38142457257356, 
1.9219710523873, 2.08190781987337, 0.385829858429519, 1.26125524130875, 
-0.133405525984022, 1.38778980737774, 1.08058596458552, 0.574498349889681, 
3.32234174024842, 0.0497299209801201, 2.9224726963958, 1.77478377276629, 
1.86667338790026, 0.926994133015224, 2.88792811797693, 0.77455586366817, 
-0.113502944729109, 3.03022684464381, 2.41360211089075, -0.286314710512999, 
0.33626664500527, -0.949983239516864, 0.601482350292746, 0.731212313372704, 
-0.203496038340392, -0.11075627749627, 0.449160875122631, -2.01370769271222, 
-1.87291161344744, -1.17886113657795, -1.4965120578889, -0.161628522682308, 
-0.274340276559541, -0.865522537953758, -0.415682006424134, 1.74089559055984, 
-1.73086729463254, 0.959102863168718, -1.82543152975414, -1.73311360385246, 
0.277895505004592, 0.322716824151707, 0.958831607188846, -1.82246144160452, 
-1.3856494364345, -1.43767763293258, -1.95725526348104, -0.323872128256108, 
0.168365654554819, 0.0653577305743147, 1.13459730723875, -1.05588059233339, 
-0.166610354723875, -0.227861460549885, -1.68086248420894, -1.66418260768474, 
0.55521904219406, -0.919199856391735, -1.02899802526843, 0.573291825085553, 
-1.5987648089838, -0.713218126231151, -0.93867355243655, 0.699596211287747, 
1.24005285481326, -1.70278506382425, -1.5371642929791, 1.09299610959414, 
-0.766039878260787, -0.774488655673828, -0.136741223340354, 0.224975353828913, 
0.27074803847607, -0.9895769495655, -0.529729993012401, 0.239043929634017, 
-0.51958950218171, -0.0504673086161069, -2.30714283786994, -1.0365067821817, 
-1.5644798453921, -2.22341194589593, -1.41954544399363, -1.02604125568453, 
-0.5189789042699, -0.711218515645184, -0.640510216378615, 0.772051853964989, 
-1.28173472733886, 1.25575262721737, 1.0887234556409, 0.106539109400793, 
-0.254368156327286, -0.936263093443322, -0.0535511727362021, 
0.171335151033581, 0.0985998695896357, 0.841050006769341, 0.200555782596813, 
-0.61719961146679, -0.810235172431016, -0.887903325870901, -0.057319601772176, 
0.693587708919367, 1.32196924650493, -1.49813916298101, 0.676132070746195, 
0.651941266973029, -0.637857005311003, -1.85071916026469, -0.243057533348384, 
0.265726470673781, -0.445072894053343, -0.325785520486707, 2.9474266641902, 
2.19828811142645, 0.889859802813409, 2.85156138350197, 1.1124439166277, 
1.68217046661018, 1.55162208344267, 0.705146884231116, 1.74021165645498, 
1.06763677056123, 4.01356864473495, 0.448902109974779, 3.48720336798746, 
0.653621273229676, 1.72000044468348, 0.928965205620227, 1.75709071263483, 
1.12060259790976, 0.946780722954273, 3.49541826401551, -0.205537127744484, 
0.432777514415291, -0.204435815076872, 0.219148058954498, 1.51533033653189, 
-0.0512718043924422, 0.0693416302461004, -0.974002493500806, 
0.336508184378951, -0.930081245274979, 0.477522998796373, -0.374665204275304, 
0.168058537064609, 0.260576848244496, 0.928278322133829, -1.25048873620216, 
-1.85101856938695, 1.51926016704333, 0.50754383438883, -1.18200125466621, 
0.228241988956941, -0.473263031254994, -0.855951321136577, 0.587538241781708, 
0.521188567169461, 0.488587674289779, 0.468283551644659, 1.67921121639419, 
0.331813219210327, -0.200975221727015, 1.22508619773828, 3.02861202792585, 
1.32872187096874, -0.346500406623429, -1.18323709334443, 1.00297918604363, 
-0.14956952355555, -1.17647625001655, -0.0596056181132659, 1.56549850851323, 
-0.00672761578323205, 0.395508693513716, -0.270332711140741, 
1.42887604805056, 1.21607911302308, 2.99338892230454, 0.474453997118495, 
-0.519431847419155, -0.18230697233498, -0.549531910927785, -1.50981969078169, 
-1.73199547920623, -0.575748072778001, -0.166676861999458, 1.94503804339291, 
0.113361174785961, 0.375721029206822, 2.15857785285187, -0.0301522529852254, 
-0.503555927579238, -0.907095970598434, -0.160714087484345, -0.811080841316352, 
1.08597337822379, 0.432179267147888, -0.00515725154482881, 0.166027053438733, 
-1.16375237950069, 0.903154172575669, 0.972281893167726, 0.438071444206833, 
0.217353389893173, 0.0977138960452277, -1.32314891372478, -0.771301251385473, 
0.827121706417291, 0.589995700019216, 1.16123728535118, -0.397890568477983, 
0.543198498516187, -0.457231516958312, 1.11909229998701, -2.17050735580216, 
-1.2059967636846, 0.150433265304429, 1.03193843802738, 0.585519662730986, 
1.89418918606723, 0.41003090257194, -0.571693687824225, -0.449914288956075, 
-0.368710595970102, 0.199982860694428, -0.384157580007004, -0.54715157623973, 
-0.171625090028049, -1.71196992768403, 0.321790608356431, -0.141142820288934, 
0.0716526019802736, -0.197503814426265, -0.938800962444335, -0.507409402307761, 
-0.752012876539631, 1.127755440916, -0.0760735274589855, 0.329541080100051, 
-0.684240503869486, -1.45276824497682, -1.60537485205876, -0.91838963326141, 
1.11157867355935, -2.32091238805086, -0.711254981176626, -1.52716107285486, 
-1.33588313158015, -1.94032869207174, 1.01700984309323, 1.95845639903572, 
0.996159797285033, 0.968230605781786, 0.0497519541403465, 1.74755097466731, 
-0.138657727305885, 0.884175666425031, 1.25999037850022, 0.114530462760042, 
0.551282006990454, -0.370662365568497, 2.34732950297765, 0.979560385476457, 
-0.456068165959337, 1.60500669241959, -0.519455676438635, 1.44824108322055, 
2.04783447350798, 0.789452964168841, -0.193171408045897, -0.340721024827345, 
1.27108006269382, 1.47917583727833, 2.10798013555863, 0.256941137648204, 
2.34160938754232, 0.144357268776111, -0.120433954217974, 2.11631069816541, 
0.152165411303994, -1.5268182305, -0.300670594164803, 0.320466843051857, 
0.0990273769052707, 2.4764249279124, 0.796104700458018, 1.36378838378531, 
0.12625268197903, 1.12704891247645, -0.579321983755877, 0.235954141084286, 
1.71006428042443, 0.0592140068685795, 1.60135344863075, -0.183688847744138, 
-0.0668062294140541, -0.362518909584895, -0.824822578261254, 
1.04008361647108, 0.514637527416333, -0.477870996333181, -0.975256770979196, 
-0.148084273189914, -0.577744477311455, 3.21074761801412, 2.45645642138177, 
0.763263375425001, -0.546074667129472, 1.32868724095188, 1.07618997397541, 
-0.334442188202284, -0.371430865233635, 0.449740097543338, 0.215631218451942, 
2.778272812169, 3.10501802865877, 1.39035974755263, 0.562015791496981, 
1.75344352881549, 2.34977859198499, 1.43150351725414, 6.00341931872771, 
2.40259949331552, 1.58513930606042, 2.40748174874445, 0.0403923720031176, 
2.16321695957164, 1.96227135667472, 2.90496188694863, 2.95401830006027, 
3.79093971435589, 0.849106002008249, 0.379760927981248, 1.75660664086787, 
2.79843512103421, 3.92771761405484, 2.61861455640026, 2.11351068827134, 
0.898265546962351, 1.01932180217552, 2.58049337166536, 2.87335944573, 
0.820351901610261, 0.0732520383857738, 1.4190379516843, 1.72341035939349, 
0.976104425975509, 1.40405570100851, 2.07228119250057, 2.65695291094737, 
3.00424874618387, 2.05908270596371, 3.16425039964432, 1.79631245736542, 
0.871727638950381, 1.93669768427937, 2.61208668858054, 1.37531331148351, 
0.46362343227763, -0.158969222696506, 0.594719744267596, 1.02645063890494, 
