Age <-
c(31, 30, 25, 36, 22, 29, 31, 42, 37, 28, 36, 24, 23, 36, 26, 
26, 28, 31, 32, 21, 29, 21, 32, 25, 30, 40, 19, 22, 18, 32, 20, 
30, 18, 24, 30, 35, 27, 20, 22, 28, 23, 40, 33, 21, 35, 25, 26, 
25, 22, 32, 25, 35, 21, 41, 32, 26, 21, 36, 37)
Base <-
c(11, 11, 6, 8, 66, 27, 12, 52, 23, 10, 52, 33, 18, 42, 87, 50, 
18, 111, 18, 20, 12, 9, 17, 28, 55, 9, 10, 47, 76, 38, 19, 10, 
19, 24, 31, 14, 11, 67, 41, 7, 22, 13, 46, 36, 38, 7, 36, 11, 
151, 22, 41, 32, 56, 24, 16, 22, 25, 13, 12)
BT <-
c(0, 0, 0, 0, 0, 0, 0, 0, 0, 0, 0, 0, 0, 0, 0, 0, 0, 0, 0, 0, 
0, 0, 0, 0, 0, 0, 0, 0, 2.94443897916644, 2.2512917986065, 1.55814461804655, 
0.916290731874155, 1.55814461804655, 1.79175946922805, 2.04769284336526, 
1.25276296849537, 1.01160091167848, 2.81839825827108, 2.32727770558442, 
0.559615787935423, 1.70474809223843, 1.17865499634165, 2.4423470353692, 
2.19722457733622, 2.2512917986065, 0.559615787935423, 2.19722457733622, 
1.01160091167848, 3.63098547569503, 1.70474809223843, 2.32727770558442, 
2.07944154167984, 2.63905732961526, 1.79175946922805, 1.38629436111989, 
1.70474809223843, 1.83258146374831, 1.17865499634165, 1.09861228866811
)
BT_bar <-
0.948377750564369
log_Age <-
c(3.43398720448515, 3.40119738166216, 3.2188758248682, 3.58351893845611, 
3.09104245335832, 3.36729582998647, 3.43398720448515, 3.73766961828337, 
3.61091791264422, 3.3322045101752, 3.58351893845611, 3.17805383034795, 
3.13549421592915, 3.58351893845611, 3.25809653802148, 3.25809653802148, 
3.3322045101752, 3.43398720448515, 3.46573590279973, 3.04452243772342, 
3.36729582998647, 3.04452243772342, 3.46573590279973, 3.2188758248682, 
3.40119738166216, 3.68887945411394, 2.94443897916644, 3.09104245335832, 
2.89037175789616, 3.46573590279973, 2.99573227355399, 3.40119738166216, 
2.89037175789616, 3.17805383034795, 3.40119738166216, 3.55534806148941, 
3.29583686600433, 2.99573227355399, 3.09104245335832, 3.3322045101752, 
3.13549421592915, 3.68887945411394, 3.49650756146648, 3.04452243772342, 
3.55534806148941, 3.2188758248682, 3.25809653802148, 3.2188758248682, 
3.09104245335832, 3.46573590279973, 3.2188758248682, 3.55534806148941, 
3.04452243772342, 3.71357206670431, 3.46573590279973, 3.25809653802148, 
3.04452243772342, 3.58351893845611, 3.61091791264422)
log_Age_bar <-
3.31978350918588
log_Base4 <-
c(1.01160091167848, 1.01160091167848, 0.405465108108164, 0.693147180559945, 
2.80336038090653, 1.90954250488444, 1.09861228866811, 2.56494935746154, 
1.74919985480926, 0.916290731874155, 2.56494935746154, 2.11021320034659, 
1.50407739677627, 2.35137525716348, 3.07961375753469, 2.52572864430826, 
1.50407739677627, 3.32323584019244, 1.50407739677627, 1.6094379124341, 
1.09861228866811, 0.810930216216329, 1.44691898293633, 1.94591014905531, 
2.62103882411258, 0.810930216216329, 0.916290731874155, 2.46385324059017, 
2.94443897916644, 2.2512917986065, 1.55814461804655, 0.916290731874155, 
1.55814461804655, 1.79175946922805, 2.04769284336526, 1.25276296849537, 
1.01160091167848, 2.81839825827108, 2.32727770558442, 0.559615787935423, 
1.70474809223843, 1.17865499634165, 2.4423470353692, 2.19722457733622, 
2.2512917986065, 0.559615787935423, 2.19722457733622, 1.01160091167848, 
3.63098547569503, 1.70474809223843, 2.32727770558442, 2.07944154167984, 
2.63905732961526, 1.79175946922805, 1.38629436111989, 1.70474809223843, 
1.83258146374831, 1.17865499634165, 1.09861228866811)
log_Base4_bar <-
1.76795470039604
N <-
59
T <-
4
Trt <-
c(0, 0, 0, 0, 0, 0, 0, 0, 0, 0, 0, 0, 0, 0, 0, 0, 0, 0, 0, 0, 
0, 0, 0, 0, 0, 0, 0, 0, 1, 1, 1, 1, 1, 1, 1, 1, 1, 1, 1, 1, 1, 
1, 1, 1, 1, 1, 1, 1, 1, 1, 1, 1, 1, 1, 1, 1, 1, 1, 1)
Trt_bar <-
0.525423728813559
V4 <-
c(0, 0, 0, 1)
V4_bar <-
0.25
Visit <-
c(-3, -1, 1, 3)
y <-
structure(c(5, 3, 2, 4, 7, 5, 6, 40, 5, 14, 26, 12, 4, 7, 16, 
11, 0, 37, 3, 3, 3, 3, 2, 8, 18, 2, 3, 13, 11, 8, 0, 3, 2, 4, 
22, 5, 2, 3, 4, 2, 0, 5, 11, 10, 19, 1, 6, 2, 102, 4, 8, 1, 18, 
6, 3, 1, 2, 0, 1, 3, 5, 4, 4, 18, 2, 4, 20, 6, 13, 12, 6, 4, 
9, 24, 0, 0, 29, 5, 0, 4, 4, 3, 12, 24, 1, 1, 15, 14, 7, 4, 6, 
6, 3, 17, 4, 4, 7, 18, 1, 2, 4, 14, 5, 7, 1, 10, 1, 65, 3, 6, 
3, 11, 3, 5, 23, 3, 0, 4, 3, 3, 0, 1, 9, 8, 0, 21, 6, 6, 6, 8, 
6, 12, 10, 0, 3, 28, 2, 6, 3, 3, 3, 2, 76, 2, 4, 13, 9, 9, 3, 
1, 7, 1, 19, 7, 0, 7, 2, 1, 4, 0, 25, 3, 6, 2, 8, 0, 72, 2, 5, 
1, 28, 4, 4, 19, 0, 0, 3, 3, 3, 5, 4, 21, 7, 2, 12, 5, 0, 22, 
4, 2, 14, 9, 5, 3, 29, 5, 7, 4, 4, 5, 8, 25, 1, 2, 12, 8, 4, 
0, 3, 4, 3, 16, 4, 4, 7, 5, 0, 0, 3, 15, 8, 7, 3, 8, 0, 63, 4, 
7, 5, 13, 0, 3, 8, 1, 0, 2), .Dim = c(59, 4))
