"N" <-
  1062

"height" <-
  c(74, 66, 64, 63, 64, 62, 73, 72, 72, 68, 68, 65, 66, 68, 
68, 70, 64, 73, 62, 63, 67, 66, 72, 63, 64, 72, 77, 64, 
64, 72, 68, 64, 67, 65, 64, 65, 65, 67, 68, 60, 65, 62, 
72, 67, 70, 68, 71, 71, 73, 68, 66, 69, 63, 62, 64, 67, 
71, 60, 66, 66, 65, 70, 62, 72, 67, 68, 70, 62, 63, 66, 
70, 68, 70, 66, 68, 70, 61, 64, 69, 64, 67, 69, 67, 68, 
63, 71, 64, 68, 68, 66, 77, 67, 62, 67, 61, 64, 62, 63, 
68, 64, 72, 64, 61, 74, 70, 71, 63, 64, 62, 70, 71, 71, 
67, 64, 67, 62, 68, 62, 68, 74, 68, 62, 66, 68, 60, 68, 
72, 66, 68, 68, 69, 64, 65, 61, 72, 66, 68, 70, 71, 71, 
68, 60, 63, 68, 64, 68, 61, 68, 66, 70, 71, 65, 66, 70, 
66, 61, 72, 74, 67, 66, 62, 72, 65, 60, 62, 66, 64, 65, 
73, 69, 64, 67, 62, 63, 67, 68, 72, 70, 70, 67, 63, 66, 
66, 71, 67, 76, 69, 65, 62, 62, 62, 61, 65, 72, 72, 64, 
71, 72, 66, 65, 62, 66, 67, 64, 63, 67, 68, 64, 66, 65, 
65, 72, 68, 74, 63, 64, 68, 67, 67, 73, 65, 77, 68, 62, 
64, 67, 70, 62, 63, 62, 69, 64, 69, 59, 66, 62, 75, 63, 
65, 70, 68, 69, 72, 64, 63, 73, 75, 65, 66, 66, 64, 66, 
64, 63, 73, 72, 72, 64, 64, 68, 69, 60, 76, 72, 62, 62, 
71, 74, 65, 63, 67, 63, 65, 65, 63, 70, 68, 67, 65, 69, 
68, 66, 71, 64, 74, 62, 65, 66, 67, 73, 76, 63, 63, 70, 
71, 65, 63, 64, 64, 67, 66, 68, 65, 67, 73, 63, 71, 73, 
65, 59, 70, 72, 66, 70, 69, 68, 74, 67, 64, 67, 70, 64, 
62, 68, 72, 63, 69, 64, 71, 64, 61, 68, 68, 64, 66, 62, 
65, 66, 72, 70, 62, 71, 70, 64, 63, 65, 71, 62, 68, 76, 
64, 66, 63, 63, 70, 68, 70, 69, 63, 65, 69, 68, 66, 65, 
70, 70, 66, 68, 68, 70, 65, 64, 65, 77, 70, 64, 64, 64, 
64, 63, 58, 62, 64, 64, 62, 64, 66, 69, 64, 71, 68, 68, 
62, 63, 69, 67, 64, 70, 69, 69, 69, 60, 66, 67, 66, 70, 
64, 60, 68, 73, 72, 64, 67, 71, 73, 70, 70, 71, 66, 75, 
60, 72, 75, 60, 73, 65, 67, 69, 64, 70, 68, 62, 64, 68, 
64, 73, 73, 69, 68, 71, 66, 66, 70, 66, 63, 75, 67, 63, 
69, 71, 62, 65, 72, 65, 63, 64, 72, 64, 70, 65, 64, 64, 
67, 73, 73, 65, 64, 67, 67, 74, 63, 74, 74, 63, 62, 62, 
67, 69, 73, 63, 67, 69, 71, 72, 64, 64, 74, 62, 65, 60, 
69, 61, 65, 66, 70, 72, 64, 71, 73, 64, 68, 64, 66, 67, 
64, 64, 62, 69, 63, 72, 75, 70, 69, 64, 72, 69, 71, 59, 
68, 77, 70, 69, 63, 73, 66, 72, 72, 69, 67, 66, 67, 68, 
65, 62, 69, 70, 66, 66, 66, 72, 69, 66, 69, 60, 65, 62, 
67, 67, 68, 66, 74, 65, 68, 66, 65, 62, 73, 62, 70, 58, 
68, 67, 70, 63, 66, 65, 61, 61, 67, 73, 71, 64, 67, 62, 
67, 69, 66, 66, 66, 66, 72, 64, 65, 72, 71, 64, 64, 67, 
75, 66, 67, 71, 68, 67, 71, 63, 61, 65, 67, 65, 66, 67, 
74, 74, 66, 69, 66, 74, 72, 66, 67, 65, 65, 68, 64, 64, 
63, 69, 67, 60, 62, 72, 67, 66, 66, 60, 65, 72, 64, 64, 
64, 66, 73, 74, 65, 63, 63, 66, 70, 66, 63, 63, 69, 73, 
68, 64, 63, 70, 64, 66, 72, 64, 67, 66, 71, 71, 71, 74, 
75, 72, 66, 65, 72, 60, 64, 65, 65, 62, 73, 68, 66, 71, 
73, 61, 63, 64, 67, 63, 73, 66, 70, 68, 67, 74, 64, 60, 
59, 75, 64, 71, 63, 67, 69, 70, 66, 74, 65, 64, 68, 66, 
69, 60, 75, 64, 63, 64, 63, 67, 66, 65, 63, 66, 64, 71, 
71, 72, 70, 74, 68, 74, 75, 68, 63, 72, 64, 63, 66, 61, 
73, 65, 62, 68, 68, 63, 63, 68, 64, 70, 70, 72, 69, 63, 
63, 63, 73, 69, 70, 65, 72, 62, 72, 73, 68, 66, 60, 65, 
63, 64, 71, 67, 63, 65, 63, 65, 74, 67, 68, 65, 64, 68, 
65, 72, 66, 64, 72, 64, 67, 68, 64, 66, 65, 70, 70, 66, 
66, 74, 62, 66, 65, 71, 66, 67, 61, 66, 72, 69, 64, 63, 
60, 70, 73, 65, 64, 72, 67, 69, 71, 66, 63, 71, 72, 68, 
72, 66, 66, 65, 71, 74, 70, 64, 69, 63, 68, 73, 63, 71, 
65, 65, 71, 70, 68, 66, 64, 66, 70, 64, 71, 64, 63, 66, 
68, 62, 69, 64, 64, 69, 74, 68, 67, 72, 73, 64, 68, 63, 
71, 64, 60, 66, 59, 63, 66, 65, 64, 66, 66, 73, 72, 74, 
65, 71, 68, 70, 64, 59, 68, 68, 69, 69, 75, 69, 72, 68, 
72, 63, 69, 63, 72, 65, 73, 69, 69, 61, 73, 67, 63, 62, 
65, 72, 67, 65, 72, 64, 68, 68, 76, 63, 68, 72, 64, 68, 
61, 67, 63, 60, 74, 62, 72, 65, 62, 71, 71, 70, 67, 62, 
63, 61, 72, 63, 66, 64, 66, 68, 60, 61, 64, 66, 66, 67, 
68, 66, 69, 69, 71, 74, 69, 72, 64, 72, 63, 70, 66, 62, 
64, 69, 64, 67, 72, 65, 63, 70, 64, 68, 66, 70, 66, 64, 
70, 74, 66, 62, 66, 62, 69, 68, 72, 64, 72, 74, 66, 68, 
62, 71, 63, 71, 72, 72, 68, 64, 70, 66, 67, 68, 64, 65, 
70, 71, 62, 71, 74, 64, 70, 64, 70, 74, 74, 66, 71, 69, 
60, 64, 64, 72, 69, 67, 65, 68, 74, 65, 71, 64, 69, 64, 
72, 63, 65, 72, 65, 64, 71, 62, 66, 64, 68, 66, 66, 66, 
66, 63, 68, 70, 63, 70, 72, 75, 62, 68, 68, 70, 73, 62, 
64, 73, 66, 70, 70, 72, 64, 72, 68)

