"VISIT" <-
  c(1, 4, 7, 10, 13, 16, 19, 1, 4, 1, 4, 7, 10, 13, 16, 19, 1, 4, 
7, 10, 13, 16, 1, 1, 4, 7, 10, 13, 16, 19, 1, 4, 7, 10, 13, 16, 
19, 1, 4, 7, 10, 13, 1, 7, 10, 13, 16, 19, 1, 4, 7, 10, 13, 16, 
19, 1, 4, 7, 10, 13, 16, 19, 1, 4, 7, 10, 13, 16, 1, 4, 7, 10, 
1, 4, 1, 4, 7, 10, 13, 16, 19, 1, 4, 7, 10, 13, 16, 1, 4, 7, 
10, 13, 16, 19, 1, 4, 7, 10, 13, 1, 4, 7, 10, 13, 19, 1, 4, 7, 
1, 1, 1, 4, 7, 10, 13, 16, 19, 1, 4, 7, 10, 13, 1, 4, 7, 10, 
13, 16, 19, 1, 4, 7, 10, 13, 16, 1, 4, 7, 10, 13, 16, 1, 4, 7, 
1, 4, 7, 10, 13, 1, 1, 4, 7, 10, 1, 4, 7, 10, 13, 16, 19, 1, 
4, 7, 10, 13, 16, 19, 1, 4, 1, 4, 7, 10, 13, 1, 1, 4, 1, 4, 
7, 10, 1, 4, 7, 10, 13, 1, 1, 1, 4, 7, 10, 13, 16, 19, 1, 4, 
7, 10, 13, 16, 19, 1, 4, 7, 1, 4, 7, 10, 13, 16, 19, 1, 4, 7, 
10, 13, 16, 19, 1, 4, 7, 10, 13, 16, 19, 1, 4, 7, 10, 13, 16, 1, 
4, 7, 10, 13, 16, 19, 1, 4, 7, 10, 13, 16, 19, 1, 4, 7, 10, 13, 
1, 4, 7, 10, 13, 16, 19, 1, 4, 7, 10, 13, 16, 19, 1, 4, 7, 10, 
13, 16, 19, 1, 4, 7, 10, 13, 16, 19, 1, 4, 1, 4, 7, 10, 13, 16, 
19, 1, 4, 7, 10, 13, 16, 19, 1, 4, 7, 10, 13, 16, 19, 1, 4, 1, 
4, 7, 10, 13, 16, 1, 4, 7, 10, 13, 16, 19, 1, 4, 7, 10, 13, 16, 
19, 1, 4, 7, 10, 13, 16, 19, 1, 4, 7, 10, 13, 1, 4, 7, 10, 1, 
4, 7, 1, 1, 4, 7, 10, 13, 16, 19, 1, 4, 7, 10, 1, 1, 4, 7, 
10, 13, 1, 1, 4, 7, 10, 13, 16, 19, 1, 4, 7, 10, 13, 16, 19, 1, 
4, 7, 10, 13, 16, 19, 1, 4, 7, 10, 13, 1, 4, 7, 10, 13, 16, 19, 
1, 4, 7, 1, 4, 7, 10, 13, 16, 1, 4, 7, 1, 4, 7, 10, 13, 1, 
4, 7, 10, 1, 4, 7, 10, 13, 16, 1, 4, 7, 10, 13, 16, 1, 4, 7, 
10, 13, 16, 19, 1, 4, 7, 10, 13, 16, 19, 1, 4, 1, 4, 7, 10, 13, 
1, 1, 4, 7, 10, 13, 1, 4, 1, 4, 7, 10, 1, 4, 7, 10, 13, 19, 
1, 4, 1, 1, 4, 7, 10, 13, 1, 1, 4, 7, 10, 13, 16, 1, 4, 7, 
10, 13, 1, 1, 1, 4, 7, 10, 13, 16, 19, 1, 4, 7, 10, 13, 16, 1, 
4, 7, 10, 13, 16, 19, 1, 4, 7, 10, 1, 4, 7, 10, 13, 16, 1, 4, 
7, 10, 13, 16, 1, 4, 1, 4, 7, 10, 13, 16, 19, 1, 4, 1, 4, 7, 
10, 13, 16, 19, 1, 4, 7, 10, 13, 16, 19, 1, 4, 7, 10, 13, 16, 19, 
1, 4, 7, 10, 13, 16, 19, 1, 4, 7, 10, 13, 1, 4, 7, 10, 13, 1, 
4, 7, 10, 13, 1, 4, 1, 4, 7, 10, 13, 16, 19, 1, 4, 7, 10, 16, 
1, 4, 7, 10, 13, 1, 4, 1, 1, 1, 4, 7, 10, 13, 16, 19, 1, 4, 
7, 10, 13, 16, 19, 1, 4, 7, 10, 13, 1, 4, 7, 10, 13, 16, 19, 1, 
4, 7, 10, 13, 16, 19, 1, 4, 7, 10, 13, 16, 1, 4, 7, 10, 13, 16, 
19, 1, 4, 7, 10, 13, 16, 1, 4, 7, 10, 13, 16, 19, 1, 4, 7, 10, 
13, 16, 19, 1, 4, 7, 10, 13, 16, 19, 1, 4, 7, 10, 13, 16, 19, 1, 
4, 7, 1, 4, 7, 10, 13, 16, 19, 1, 4, 7, 10, 13, 16, 19, 1, 4, 
7, 10, 13, 16, 19, 1, 4, 7, 10, 13, 16, 1, 4, 7, 10, 13, 16, 19, 
1, 4, 7, 10, 13, 16, 19, 1, 4, 7, 10, 13, 16, 1, 4, 7, 10, 13, 
16, 1, 4, 7, 10, 13, 16, 1, 4, 7, 1, 4, 7, 10, 13, 1, 4, 7, 
10, 1, 4, 7, 10, 1, 1, 4, 7, 1, 4, 7, 1, 4, 7, 1, 4, 1, 
4, 7, 10, 1, 4, 7, 10, 13, 16, 19, 1, 4, 7, 1, 4, 1, 4, 7, 
10, 1, 4, 7, 1, 4, 7, 10, 1, 4, 7, 10, 13, 16, 19, 1, 4, 7, 
10, 13, 16, 1, 4, 7, 10, 13, 1, 4, 7, 10, 13, 16, 1, 4, 7, 10, 
13, 16, 19, 1, 4, 7, 10, 1, 4, 7, 10, 13, 16, 1, 1, 4, 7, 10, 
13, 16, 19, 1, 4, 7, 1, 4, 7, 10, 13, 16, 1, 4, 7, 10, 13, 16, 
1, 4, 7, 10, 1, 4, 7, 10, 13, 16, 1, 4, 7, 10, 13, 16, 1, 4, 
7, 1, 4, 7, 10, 13, 16, 19, 1, 4, 7, 10, 13, 16, 19, 1, 4, 7, 
10, 19, 1, 4, 7, 1, 1, 4, 7, 10, 13, 16, 1, 4, 7, 10, 13, 16, 
19, 1, 4, 7, 10, 13, 16, 19, 1, 4, 7, 10, 13, 16, 19, 1, 4, 7, 
1, 4, 7, 10, 13, 1, 4, 7, 1, 4, 7, 10, 13, 16, 19, 1, 4, 7, 
10, 13, 16, 19, 1, 4, 7, 10, 13, 16, 1, 4, 7, 10, 13, 16, 1, 4, 
7, 10, 13, 16, 1, 4, 7, 10, 13, 1, 4, 7, 10, 13, 16, 19, 1, 4, 
7, 10, 13, 1, 4, 7, 10, 13, 16, 19, 1, 4, 7, 10, 13, 16, 1, 4, 
7, 1, 4, 7, 10, 13, 16, 19, 1, 4, 7, 10, 13, 16, 1, 4, 7, 10, 
13, 16, 19, 1, 4, 7, 10, 13, 16, 19, 1, 4, 7, 10, 13, 16, 19, 1, 
4, 7, 10, 13, 16, 19, 1, 4, 7, 10, 13, 16, 19, 1, 4, 7, 10, 13, 
16, 19, 1, 4, 7, 10, 13, 16, 19, 1, 4, 7, 10, 13, 16, 1, 4, 7, 
1, 4, 7, 10, 13, 16, 19, 1, 4, 7, 10, 13, 16, 1, 4, 7, 10, 13, 
16, 1, 4, 1, 4, 7, 10, 13, 16, 19, 1, 1, 4, 7, 10, 13, 16, 19, 
1, 4, 7, 10, 13, 16, 1, 4, 7, 10, 13, 16, 19, 1, 4, 7, 10, 13, 
16, 1, 4, 1, 4, 7, 10, 13, 16, 19, 1, 4, 7, 10, 13, 16, 1, 4, 
7, 10, 13, 16, 1, 4, 7, 10, 13, 16, 1, 4, 7, 10, 13, 16, 1, 4, 
7, 10, 13, 16, 1, 4, 7, 10, 13, 1, 4, 7, 10, 13, 1, 4, 7, 10, 
1, 4, 1, 4, 7, 10, 16, 1, 4, 7, 10, 13, 16, 1, 4, 7, 10, 13, 
16, 19, 1, 4, 7, 10, 13, 1, 4, 7, 10, 1, 4, 7, 10, 13, 1, 1, 
4, 7, 10, 1, 4, 7, 10, 13, 16, 1, 4, 1, 4, 7, 10, 1, 4, 1, 
1, 4, 1, 1, 4, 1, 1, 4, 1, 1, 4, 7)
