N <- 60
y <- 
c(0, 1, 0, 0, 0, 0, 0, 0, 1, 0, 1, 1, 1, 1, 1, 1, 0, 0, 0, 0, 0, 1, 0, 1,
1, 1, 1, 1, 0, 1, 0, 0, 1, 0, 1, 0, 0, 0, 0, 1, 1, 0, 0, 1, 0, 0, 1, 0, 0, 0, 0,
0, 0, 0, 0, 0, 0, 1, 0, 0)
x <- 
c(-0.339249227079859, 2.16776116177459, 0.583946420212137,
-1.25010955939473, -2.51903611689114, 1.81544864387954, -0.679428295955671,
-0.332381711251256, 3.85474147773995, 1.75146143243406, 3.90671349584242,
3.9682374861409, 3.3953615751143, 2.46322159107928, 2.78883671382684,
2.69848902325916, 0.707973116235291, 0.726405148002986, 1.04441497239998,
0.34200937885663, -0.79068375014397, 3.32954116488817, 1.38079159128074,
3.98181472599443, 2.24877214672357, 3.64920054528528, 2.10202334114661,
2.62895859353315, -1.58423510538688, 2.04590428928891, 1.90034431094031,
-3.39115009145794, 2.3864044612747, -1.43181905943197, 3.15308468479338,
-1.67968373161864, -0.317596527305397, -0.961773428635424, -0.00569787589869719,
2.24223051880604, 4.00897366227002, -0.247837875244195, -2.01586022574059,
2.37127511539768, 0.804244899377085, 0.204942438628814, 4.71913059489207,
-3.18550290262071, 0.0371760285378893, 1.63050107482969, 1.58176660124101,
0.308978975631489, 1.14906114364148, -2.19539484323522, 1.38753269145889,
0.447612648140833, 1.24317280127491, 2.55202204616542, -1.73857703161963,
-1.8513770611542)
