N <-
30
T <-
5
Y <-
structure(list(V1 = c(151L, 145L, 147L, 155L, 135L, 159L, 141L, 
159L, 177L, 134L, 160L, 143L, 154L, 171L, 163L, 160L, 142L, 156L, 
157L, 152L, 154L, 139L, 146L, 157L, 132L, 160L, 169L, 157L, 137L, 
153L), V2 = c(199L, 199L, 214L, 200L, 188L, 210L, 189L, 201L, 
236L, 182L, 208L, 188L, 200L, 221L, 216L, 207L, 187L, 203L, 212L, 
203L, 205L, 190L, 191L, 211L, 185L, 207L, 216L, 205L, 180L, 200L
), V3 = c(246L, 249L, 263L, 237L, 230L, 252L, 231L, 248L, 285L, 
220L, 261L, 220L, 244L, 270L, 242L, 248L, 234L, 243L, 259L, 246L, 
253L, 225L, 229L, 250L, 237L, 257L, 261L, 248L, 219L, 244L), 
    V4 = c(283L, 293L, 312L, 272L, 280L, 298L, 275L, 297L, 350L, 
    260L, 313L, 273L, 289L, 326L, 281L, 288L, 280L, 283L, 307L, 
    286L, 298L, 267L, 272L, 285L, 286L, 303L, 295L, 289L, 258L, 
    286L), V5 = c(320L, 354L, 328L, 297L, 323L, 331L, 305L, 338L, 
    376L, 296L, 352L, 314L, 325L, 358L, 312L, 324L, 316L, 317L, 
    336L, 321L, 334L, 302L, 302L, 323L, 331L, 345L, 333L, 316L, 
    291L, 324L)), .Names = c("V1", "V2", "V3", "V4", "V5"), class = "data.frame", row.names = c(NA, 
-30L))
x <-
structure(list(V1 = c(8, 15, 22, 29, 36)), .Names = "V1", class = "data.frame", row.names = c(NA, 
-5L))
