mu <- 0.0