"vote_88" <-
c(0.7724427, 0.6361816, 0.6649283, 0.2738342, 0.2636131, 0.3341927, 
0.6321753, 0.3379036, 0.1727181, 0.7031319, 0.6971067, 0.8043492, 
0.666726, 0.8081764, 0.3965401, 0.4282181, 0.4436717, 0.2787675, 
0.3142091, 0.6751664, 0.7028239, 0.6649972, 0.5212581, 0.3373857, 
0.2379791, 0.6161868, 0.2539129, 0.6750422, 0.8594525, 0.2951916, 
0.3014391, 0.3051931, 0.6874099, 0.5079273, 0.6164657, 0.5847862, 
0.2825378, 0.3382055, 0.8149259, 0.7470071, 0.3670045, 0.3745117, 
0.8436634, 0.5145194, 0.2391763, 0.2735583, 0.6174595, 0.2761716, 
0.2495877, 0.4210453, 0.2787203, 0.5902064, 0.4661363, 0.7272327, 
0.7631521, 0.6321242, 0.7030089, 0.2179185, 0.6361255, 0.3218451, 
0.5777837, 0.2675676, 0.3342913, 0.7863933, 0.4252357, 0.260214, 
0.6283829, 0.2275186, 0.2125694, 0.724058, 0.3754843, 0.8274492, 
0.622308, 0.5028619, 0.6127706, 0.263191, 0.7565859, 0.6672819, 
0.2751959, 0.6450828, 0.2481806, 0.3008051, 0.2629215, 0.2827596, 
0.3607193, 0.6486818, 0.4529325, 0.6423793, 0.6887273, 0.525969, 
0.6487754, 0.7709436, 0.5320098, 0.4571165, 0.3785355, 0.5631701, 
0.2711348, 0.3820723, 0.6181453, 0.7071861, 0.6054432, 0.4501282, 
0.5734211, 0.2915296, 0.2740099, 0.5979421, 0.7621512, 0.7207868, 
0.3021702, 0.2662802, 0.4013061, 0.5409577, 0.8831664, 0.6328574, 
0.6474167, 0.7105407, 0.2276382, 0.5646387, 0.2768521, 0.7689054, 
0.3933376, 0.256919, 0.261232, 0.2414981, 0.8132394, 0.2836622, 
0.61492, 0.2101937, 0.6980714, 0.7473445, 0.2518709, 0.2144426, 
0.7722601, 0.7663547, 0.7048997, 0.8258236, 0.8567832, 0.7616394, 
0.5850408, 0.3164922, 0.6421478, 0.2575322, 0.6229225, 0.3029715, 
0.2509268, 0.3873366, 0.4322311, 0.6337071, 0.7167957, 0.3612443, 
0.356131, 0.7327206, 0.2642691, 0.6396568, 0.2984197, 0.704104, 
0.421761, 0.3166377, 0.7298711, 0.742, 0.6551576, 0.4541719, 
0.7452381, 0.7260446, 0.3295457, 0.633862, 0.7179792, 0.7116053, 
0.406653, 0.4650999, 0.4189731, 0.6791287, 0.330438, 0.5067332, 
0.2096805, 0.7156279, 0.7173694, 0.2673874, 0.630302, 0.5536501, 
0.6387828, 0.3767729, 0.6340065, 0.3197143, 0.4027629, 0.6507071, 
0.6688235, 0.6822599, 0.8345803, 0.253094, 0.6919419, 0.668828, 
0.4672288, 0.2653039, 0.6084267, 0.2884231, 0.5485191, 0.6940447, 
0.7238893, 0.6700382, 0.6168853, 0.602887, 0.781979, 0.4108389, 
0.6478096, 0.6287912, 0.6397981, 0.4324308, 0.7817103, 0.6526291, 
0.888181, 0.5547561, 0.4501945, 0.6519388, 0.5800737, 0.5261264, 
0.3752935, 0.6725387, 0.5149239, 0.3405908, 0.3896833, 0.5035502, 
0.3622373, 0.4693134, 0.540998, 0.5215024, 0.6983976, 0.7607845, 
0.6224057, 0.1817787, 0.6742536, 0.6143263, 0.3235857, 0.2086255, 
0.5246466, 0.5370064, 0.3229461, 0.719778, 0.3174252, 0.657824, 
0.7204365, 0.3073189, 0.6061108, 0.6969551, 0.2577937, 0.2602145, 
0.5871565, 0.5040374, 0.2854933, 0.7289932, 0.6830367, 0.786288, 
0.7535803, 0.3725159, 0.4736542, 0.6486874, 0.2782888, 0.1977852, 
0.4376563, 0.5739307, 0.764771, 0.1987848, 0.6243794, 0.7454059, 
0.7434403, 0.6130129, 0.27883, 0.7334219, 0.2933406, 0.3220215, 
0.6992987, 0.6273514, 0.7804379, 0.2692441, 0.2486927, 0.3611505, 
0.3421471, 0.6522311, 0.6077403, 0.4447514, 0.6550543, 0.4149351, 
0.4832101, 0.7310933, 0.4019573, 0.5829698, 0.3159358, 0.3232386, 
0.6888459, 0.3958661, 0.7117696, 0.7985193, 0.7335177, 0.6841728, 
0.680791, 0.729594, 0.7440343, 0.4711892, 0.6924146, 0.3740401, 
0.7122586, 0.7082803, 0.2853313, 0.6993919, 0.4912457, 0.2759457, 
0.293981, 0.2720615, 0.657024, 0.7525743, 0.7034159, 0.6949996, 
0.7930962, 0.8584099, 0.6224092, 0.7369793, 0.6933654, 0.2751493, 
0.6437805, 0.2820487, 0.559706, 0.3397083, 0.3740408, 0.235471, 
0.3082682, 0.3200325, 0.3394755, 0.2636548, 0.6205855, 0.2449935, 
0.6958858, 0.3733768, 0.7198463, 0.4984096, 0.4461298, 0.5014371, 
0.2547083, 0.7638878, 0.6759946, 0.7632877, 0.2913369, 0.3734544, 
0.440967)
"vote_86" <-
  c(0.7450362, 0.6738455, 0.6964566, 0.4645901, 0.3910945, 0.3582454, 
0.548598, 0.2267028, 0.221816, 0.75, 0.75, 0.7221793, 
0.7108619, 0.75, 0.4364594, 0.2577822, 0.5768949, 0.2818527, 
0.25, 0.6642039, 0.7621707, 0.7044492, 0.587009, 0.3851112, 
0.2543157, 0.7045725, 0.2095857, 0.6902356, 0.75, 0.3198057, 
0.3651432, 0.3464105, 0.7258026, 0.5478409, 0.6651001, 0.581807, 
0.3209323, 0.3472601, 0.75, 0.848105, 0.3018456, 0.419954, 
0.8591719, 0.4527183, 0.2173086, 0.281107, 0.75, 0.2956279, 
0.25, 0.4971703, 0.2553735, 0.509916, 0.4221212, 0.75, 
0.7474393, 0.6177986, 0.609584, 0.3425972, 0.6911408, 0.3871268, 
0.5503409, 0.2533695, 0.4148081, 0.75, 0.4322577, 0.2544625, 
0.6300445, 0.2711505, 0.1914863, 0.75, 0.445215, 0.8382918, 
0.6617663, 0.4844929, 0.7036108, 0.2461538, 0.787347, 0.7163836, 
0.2487985, 0.7069546, 0.2228661, 0.2660762, 0.4763011, 0.25, 
0.3313966, 0.5564695, 0.373947, 0.6641421, 0.6809688, 0.503613, 
0.5323263, 0.7410503, 0.6229502, 0.4998453, 0.3014968, 0.5168449, 
0.3110178, 0.32123, 0.5326495, 0.722141, 0.5837836, 0.4096133, 
0.6036902, 0.3717922, 0.2876226, 0.5667272, 0.8029078, 0.726363, 
0.3557945, 0.4884823, 0.3673794, 0.6635348, 0.8604638, 0.7318384, 
0.7565904, 0.7727982, 0.2622837, 0.617266, 0.2925614, 0.7365334, 
0.3497195, 0.2838549, 0.25, 0.3193129, 0.7751616, 0.2955964, 
0.7445054, 0.2659931, 0.6281688, 0.5372459, 0.363204, 0.2366173, 
0.7225541, 0.75, 0.5478027, 0.848635, 0.815517, 0.7549775, 
0.5566523, 0.358915, 0.75, 0.25, 0.6272486, 0.3264321, 
0.2177878, 0.3362279, 0.386575, 0.5461704, 0.683638, 0.4078091, 
0.4904959, 0.706384, 0.25, 0.6450198, 0.2892783, 0.7237729, 
0.4840425, 0.2986378, 0.7287888, 0.737169, 0.6580942, 0.4996781, 
0.7256367, 0.6614503, 0.4807965, 0.6896525, 0.75, 0.7197407, 
0.4328186, 0.3301506, 0.4747468, 0.5747914, 0.3553933, 0.4140967, 
0.3016919, 0.7634962, 0.5918136, 0.4397926, 0.5415093, 0.75, 
0.6986799, 0.3822417, 0.75, 0.3980228, 0.25, 0.7890445, 
0.7289017, 0.5977015, 0.757471, 0.2019699, 0.8338575, 0.6375262, 
0.7016507, 0.2882561, 0.7272177, 0.2502874, 0.7375679, 0.6965464, 
0.6905498, 0.75, 0.75, 0.4677242, 0.7531161, 0.4045535, 
0.6638058, 0.75, 0.6726421, 0.4864116, 0.6642111, 0.5170673, 
0.75, 0.7151047, 0.1765594, 0.6954073, 0.5565742, 0.5411753, 
0.4997268, 0.6420463, 0.5786919, 0.4868703, 0.4250807, 0.5069363, 
0.4795758, 0.464016, 0.6843102, 0.5208456, 0.75, 0.7553793, 
0.75, 0.25, 0.7165841, 0.5896975, 0.4419915, 0.1197152, 
0.3507377, 0.4767466, 0.3801433, 0.75, 0.2823312, 0.75, 
0.75, 0.318979, 0.75, 0.7362949, 0.443554, 0.2574324, 
0.7961046, 0.6681453, 0.4134712, 0.7910799, 0.5016342, 0.8193413, 
0.7222514, 0.4712875, 0.4386266, 0.7326626, 0.2938129, 0.3112202, 
0.2378799, 0.5393551, 0.7682533, 0.2769427, 0.8040019, 0.75, 
0.649129, 0.7125093, 0.2865745, 0.7590236, 0.25, 0.3514892, 
0.6836825, 0.5146427, 0.5186146, 0.3020487, 0.3022788, 0.3403058, 
0.3312865, 0.5435396, 0.616668, 0.4653294, 0.5512071, 0.4158713, 
0.2910182, 0.7129668, 0.4844004, 0.5578513, 0.3296305, 0.3052814, 
0.7173771, 0.4046539, 0.7594677, 0.7729498, 0.7385405, 0.6656232, 
0.6131192, 0.6971558, 0.7408286, 0.3847226, 0.6972871, 0.2673127, 
0.7233776, 0.8032682, 0.3979277, 0.7127055, 0.2712236, 0.2738694, 
0.2920729, 0.2378627, 0.6740209, 0.75, 0.6506736, 0.6501446, 
0.7817761, 0.8533048, 0.6378688, 0.7177984, 0.6993803, 0.2720981, 
0.6033272, 0.2314731, 0.5711299, 0.3631596, 0.4339645, 0.2354539, 
0.387042, 0.3093152, 0.2531844, 0.2471124, 0.6599293, 0.2162162, 
0.6170383, 0.3981345, 0.5406717, 0.3952526, 0.4861748, 0.7355014, 
0.27936, 0.7472301, 0.7121125, 0.7263713, 0.3479794, 0.4211098, 
0.3874859)
