N <-
919L
J <-
85L
y <-
c(0.78845736036427, 0.78845736036427, 1.06471073699243, 0, 1.1314021114911, 
0.916290731874155, 0.405465108108164, 0, -0.356674943938732, 
0.182321556793955, 0.182321556793955, 0.262364264467491, 0.336472236621213, 
-0.916290731874155, 0.0953101798043249, 1.50407739677627, 0.262364264467491, 
0.741937344729377, 1.77495235091167, 1.19392246847243, 0.587786664902119, 
1.68639895357023, 1.84054963339749, 0.641853886172395, 1.88706964903238, 
1.1314021114911, 1.91692261218206, 1.94591014905531, 2.04122032885964, 
1.64865862558738, 1.50407739677627, 1.48160454092422, 1.02961941718116, 
2.09186406167839, 0.470003629245736, 1.43508452528932, 1.68639895357023, 
1.38629436111989, 0.832909122935104, 1.06471073699243, 0.336472236621213, 
1.19392246847243, 1.06471073699243, 0.587786664902119, -1.6094379124341, 
0.8754687373539, 0.0953101798043249, 0.78845736036427, -0.510825623765991, 
0.53062825106217, 1.06471073699243, 0.78845736036427, 0.53062825106217, 
0.336472236621213, 0.641853886172395, 0.587786664902119, 0.182321556793955, 
1.45861502269952, 1.50407739677627, 1.84054963339749, 1.52605630349505, 
1.7404661748405, 0.78845736036427, -0.916290731874155, 1.52605630349505, 
1.48160454092422, 1.88706964903238, 0.993251773010283, 1.06471073699243, 
1.06471073699243, 1.97408102602201, 1.6094379124341, 0.955511445027436, 
1.6094379124341, 2.56494935746154, 1.97408102602201, 1.91692261218206, 
2.54944517092557, 1.75785791755237, 2.2512917986065, 1.79175946922805, 
1.33500106673234, 2.66025953726586, 0.587786664902119, 1.93152141160321, 
1.54756250871601, 2.2512917986065, 0.916290731874155, 1.90210752639692, 
1.38629436111989, 2.31253542384721, 0.78845736036427, 0.587786664902119, 
1.22377543162212, 1.7227665977411, 1.45861502269952, 1.3609765531356, 
0.262364264467491, 1.43508452528932, -0.22314355131421, 0.693147180559945, 
0.470003629245736, 2.55722731136763, 2.68784749378469, 1.54756250871601, 
2.26176309847379, -2.30258509299405, 1.30833281965018, 2.00148000021012, 
0.641853886172395, 1.66770682055808, 1.38629436111989, 2.04122032885964, 
0.336472236621213, 2.30258509299405, 2.24070968927596, -0.22314355131421, 
1.48160454092422, 1.6094379124341, 0.741937344729377, 0.53062825106217, 
2.09186406167839, -0.105360515657826, 2.55722731136763, 0.955511445027436, 
1.25276296849537, 3.28091121578765, 0.405465108108164, 2.56494935746154, 
2.17475172148416, 2.9704144655697, 0.916290731874155, 2.19722457733622, 
2.57261223020711, 1.28093384546206, 1.93152141160321, 1.56861591791385, 
1.22377543162212, -0.105360515657826, 1.22377543162212, 0.993251773010283, 
0.336472236621213, 1.91692261218206, 2.40694510831829, -2.30258509299405, 
0.916290731874155, 0.587786664902119, 0.470003629245736, 0, -0.105360515657826, 
1.06471073699243, 1.48160454092422, 0.405465108108164, 1.41098697371026, 
0.916290731874155, 1.90210752639692, 1.45861502269952, 1.70474809223843, 
1.28093384546206, 1.02961941718116, 2.68102152871429, 1.90210752639692, 
2.07944154167984, 0.955511445027436, 1.02961941718116, 1.48160454092422, 
0.53062825106217, 0.693147180559945, 0.693147180559945, 0.405465108108164, 
2.26176309847379, 2.09186406167839, 1.25276296849537, -0.22314355131421, 
1.62924053973028, 1.16315080980568, 2.37954613413017, 2.10413415427021, 
1.84054963339749, 1.56861591791385, 1.79175946922805, 0.0953101798043249, 
2.16332302566054, 2.17475172148416, 1.91692261218206, 0.832909122935104, 
0.470003629245736, 1.02961941718116, 1.87180217690159, 0.53062825106217, 
1.52605630349505, 1.19392246847243, 1.48160454092422, 3.05400118167797, 
2.2082744135228, -0.105360515657826, 1.58923520511658, 1.6094379124341, 
0.0953101798043249, 2.02814824729229, 1.68639895357023, 1.28093384546206, 
1.58923520511658, 1.54756250871601, 0.336472236621213, 1.22377543162212, 
1.43508452528932, 0.916290731874155, 0.336472236621213, 0.336472236621213, 
0.641853886172395, 1.56861591791385, 0.336472236621213, 1.33500106673234, 
2.17475172148416, 1.45861502269952, 1.48160454092422, 1.50407739677627, 
0.78845736036427, -0.693147180559945, 1.75785791755237, 1.68639895357023, 
1.97408102602201, 1.7404661748405, 2.00148000021012, 1.56861591791385, 
1.91692261218206, 1.85629799036563, 1.30833281965018, 1.70474809223843, 
2.05412373369555, 1.48160454092422, 0.993251773010283, 1.22377543162212, 
1.43508452528932, 0.832909122935104, 0.262364264467491, 1.64865862558738, 
-2.30258509299405, 0.916290731874155, 1.16315080980568, 1.16315080980568, 
2.26176309847379, 1.43508452528932, 2.19722457733622, 1.84054963339749, 
3.48431228837266, 2.58021682959233, 0.78845736036427, 1.7227665977411, 
2.66025953726586, 1.93152141160321, 2.02814824729229, 2.28238238567653, 
0.955511445027436, 3.77276093809464, 1.58923520511658, 1.58923520511658, 
1.25276296849537, 1.56861591791385, 1.7227665977411, 1.25276296849537, 
1.3609765531356, 1.90210752639692, 2.06686275947298, 1.19392246847243, 
0.741937344729377, 0.470003629245736, 1.38629436111989, 0.587786664902119, 
0.916290731874155, 2.41591377830105, 0.955511445027436, 1.3609765531356, 
2.00148000021012, 0.262364264467491, -0.105360515657826, -0.916290731874155, 
0.916290731874155, 1.79175946922805, 0.693147180559945, 1.68639895357023, 
1.09861228866811, 1.06471073699243, 1.70474809223843, 1.41098697371026, 
1.3609765531356, 2.70136121295141, 1.97408102602201, 0.832909122935104, 
1.02961941718116, 1.48160454092422, 0.405465108108164, 2.15176220325946, 
1.7227665977411, 2.15176220325946, 1.33500106673234, 0.587786664902119, 
0.641853886172395, 1.70474809223843, 0.916290731874155, -0.22314355131421, 
0.741937344729377, 1.02961941718116, 1.3609765531356, 1.45861502269952, 
1.54756250871601, 1.02961941718116, 1.41098697371026, 0.470003629245736, 
1.45861502269952, -0.356674943938732, 1.70474809223843, 1.19392246847243, 
1.70474809223843, 0.916290731874155, 0.993251773010283, 2.12823170584927, 
1.19392246847243, 1.16315080980568, 2.15176220325946, 0.53062825106217, 
1.7404661748405, 2.56494935746154, 0.993251773010283, 1.54756250871601, 
1.7227665977411, 2.62466859216316, 2.02814824729229, 1.7404661748405, 
1.52605630349505, 2.02814824729229, 0.955511445027436, 1.50407739677627, 
1.77495235091167, 0.78845736036427, 0.8754687373539, 1.38629436111989, 
1.52605630349505, 1.52605630349505, 2.3887627892351, 2.02814824729229, 
1.09861228866811, 0.405465108108164, 0.470003629245736, 2.80336038090653, 
1.1314021114911, 1.62924053973028, 1.58923520511658, 1.79175946922805, 
-0.105360515657826, 0.587786664902119, 1.3609765531356, 1.7227665977411, 
-0.916290731874155, 0.955511445027436, 1.28093384546206, 1.82454929205105, 
3.16124671203156, 1.3609765531356, 1.06471073699243, 1.09861228866811, 
1.54756250871601, 1.09861228866811, 1.43508452528932, 1.33500106673234, 
1.09861228866811, 1.45861502269952, 1.06471073699243, 1.22377543162212, 
2.14006616349627, 2.19722457733622, 1.56861591791385, 1.28093384546206, 
0.78845736036427, 1.02961941718116, -0.22314355131421, 0.405465108108164, 
1.52605630349505, 1.30833281965018, 1.28093384546206, 1.09861228866811, 
0.78845736036427, 0.641853886172395, 0.955511445027436, 0.587786664902119, 
0.8754687373539, 1.45861502269952, 0.955511445027436, 0.0953101798043249, 
1.19392246847243, 0.916290731874155, 2.24070968927596, 0.262364264467491, 
2.12823170584927, 1.6094379124341, 1.06471073699243, 2.57261223020711, 
2.72785282839839, 0.587786664902119, 1.33500106673234, 2.06686275947298, 
0.955511445027436, 2.42480272571829, 1.41098697371026, 2.50959926237837, 
1.90210752639692, 1.93152141160321, 1.50407739677627, -0.105360515657826, 
0.53062825106217, 0.336472236621213, 0.693147180559945, 0, 0, 
1.02961941718116, 0.262364264467491, 2.42480272571829, 2.77258872223978, 
0.262364264467491, 0.262364264467491, 0.470003629245736, -0.105360515657826, 
1.02961941718116, -0.693147180559945, 0.405465108108164, 1.96009478404727, 
-0.693147180559945, 2.31253542384721, 1.45861502269952, 1.19392246847243, 
