N <- 1984
weight <- 
c(140, 150, 210, 125, 126, 200, 110, 165, 190, 125, 200, 230, 176,
265, 160, 225, 107, 170, 144, 193, 250, 130, 100, 123, 165, 130, 120, 160, 172,
135, 180, 112, 240, 190, 145, 120, 118, 114, 170, 166, 124, 175, 120, 126, 184,
150, 150, 220, 220, 180, 158, 255, 150, 130, 146, 185, 160, 180, 135, 168, 138,
202, 115, 135, 150, 120, 165, 130, 170, 140, 145, 208, 145, 150, 100, 105, 120,
160, 105, 206, 145, 170, 183, 150, 115, 138, 120, 195, 130, 140, 180, 115, 150,
118, 155, 155, 126, 200, 130, 130, 123, 110, 200, 130, 190, 116, 170, 190, 342,
90, 200, 135, 140, 120, 125, 112, 130, 215, 98, 138, 123, 105, 220, 140, 173,
185, 130, 135, 190, 190, 135, 115, 150, 150, 125, 162, 137, 125, 80, 160, 160,
125, 110, 133, 180, 135, 130, 120, 150, 110, 128, 185, 200, 155, 135, 135, 130,
132, 103, 150, 130, 128, 155, 155, 140, 160, 185, 130, 105, 145, 124, 170, 126,
142, 130, 130, 100, 210, 160, 140, 120, 123, 118, 175, 150, 116, 220, 155, 125,
150, 135, 158, 160, 158, 185, 172, 130, 150, 230, 165, 115, 195, 120, 215, 135,
133, 200, 211, 150, 130, 140, 170, 115, 175, 170, 185, 169, 160, 130, 112, 140,
137, 170, 160, 154, 185, 140, 118, 148, 165, 130, 160, 185, 190, 180, 175, 150,
110, 240, 150, 136, 170, 115, 210, 164, 185, 185, 150, 130, 180, 170, 128, 175,
147, 128, 180, 172, 125, 166, 175, 105, 125, 145, 138, 160, 150, 165, 209, 210,
145, 140, 105, 137, 150, 150, 170, 143, 178, 180, 135, 122, 180, 145, 164, 150,
142, 175, 175, 195, 150, 110, 195, 165, 102, 135, 150, 158, 160, 142, 200, 125,
128, 160, 145, 240, 185, 170, 125, 115, 180, 170, 150, 107, 135, 130, 250, 135,
130, 225, 175, 175, 175, 118, 123, 136, 228, 240, 189, 180, 165, 105, 140, 165,
187, 188, 145, 170, 125, 112, 135, 185, 175, 185, 170, 194, 155, 145, 153, 155,
120, 112, 120, 163, 130, 170, 122, 105, 138, 170, 120, 248, 138, 190, 185, 130,
170, 185, 128, 170, 160, 135, 150, 135, 185, 117, 150, 190, 154, 170, 140, 165,
112, 180, 180, 128, 170, 220, 140, 190, 185, 135, 132, 180, 200, 130, 125, 207,
105, 176, 255, 200, 200, 110, 148, 203, 165, 110, 128, 150, 150, 165, 123, 170,
116, 117, 160, 122, 154, 185, 95, 115, 125, 225, 180, 160, 150, 200, 250, 125,
148, 120, 140, 160, 180, 250, 180, 110, 123, 150, 135, 110, 168, 170, 154, 150,
170, 168, 160, 150, 108, 137, 122, 135, 130, 165, 134, 180, 165, 200, 210, 140,
160, 112, 112, 190, 140, 108, 140, 125, 132, 135, 170, 171, 120, 196, 195, 150,
175, 153, 106, 145, 175, 115, 145, 118, 129, 160, 98, 123, 220, 125, 215, 185,
145, 140, 160, 205, 195, 138, 160, 150, 128, 145, 126, 136, 140, 125, 240, 140,
135, 180, 180, 165, 130, 135, 125, 165, 145, 187, 165, 125, 210, 112, 200, 195,
185, 160, 221, 180, 170, 110, 190, 130, 160, 130, 210, 180, 115, 120, 165, 175,
160, 130, 185, 115, 190, 200, 180, 140, 164, 175, 135, 157, 150, 116, 145, 123,
140, 172, 118, 135, 140, 165, 210, 200, 145, 200, 160, 123, 180, 118, 128, 170,
140, 120, 120, 135, 165, 140, 215, 135, 165, 152, 135, 200, 170, 205, 120, 145,
115, 175, 120, 140, 130, 124, 268, 198, 230, 200, 200, 110, 130, 160, 136, 160,
165, 120, 95, 175, 200, 230, 122, 175, 150, 155, 180, 210, 210, 120, 195, 123,
135, 125, 180, 200, 140, 110, 165, 111, 125, 145, 148, 155, 170, 180, 158, 125,
118, 155, 174, 138, 110, 130, 125, 130, 124, 170, 160, 190, 155, 120, 156, 102,
145, 145, 130, 132, 120, 165, 150, 280, 170, 159, 115, 144, 175, 128, 195, 135,
220, 210, 125, 196, 160, 120, 140, 180, 185, 130, 132, 105, 170, 160, 108, 180,
155, 131, 190, 175, 125, 135, 185, 200, 120, 140, 140, 185, 150, 225, 185, 163,
130, 170, 165, 135, 160, 160, 120, 120, 200, 195, 155, 115, 150, 113, 180, 135,
241, 175, 120, 130, 170, 180, 184, 125, 180, 182, 182, 120, 150, 123, 113, 119,
190, 118, 120, 150, 150, 240, 150, 223, 135, 132, 168, 118, 193, 108, 155, 185,
175, 122, 160, 175, 228, 135, 135, 165, 150, 140, 133, 98, 128, 194, 145, 160,
118, 200, 149, 135, 170, 120, 140, 150, 150, 168, 105, 170, 150, 180, 215, 145,
135, 180, 221, 129, 140, 155, 136, 170, 155, 165, 128, 110, 160, 92, 230, 256,
118, 230, 110, 186, 165, 210, 135, 209, 140, 130, 135, 144, 190, 150, 147, 140,
130, 180, 110, 200, 120, 130, 130, 118, 230, 210, 175, 133, 125, 160, 110, 205,
158, 173, 210, 235, 148, 142, 122, 175, 125, 115, 125, 200, 160, 126, 185, 209,
135, 110, 110, 130, 170, 145, 145, 190, 120, 125, 142, 113, 120, 110, 116, 185,
110, 125, 115, 130, 120, 207, 175, 185, 110, 160, 195, 140, 162, 140, 145, 123,
114, 96, 175, 250, 205, 120, 140, 103, 160, 219, 163, 133, 150, 200, 120, 122,
145, 130, 195, 135, 210, 140, 185, 170, 200, 140, 152, 125, 145, 128, 155, 207,
125, 135, 135, 155, 120, 170, 115, 140, 135, 120, 155, 165, 160, 150, 135, 172,
128, 190, 140, 150, 115, 135, 128, 135, 147, 138, 180, 125, 134, 180, 135, 195,
93, 202, 160, 170, 130, 158, 200, 222, 149, 136, 200, 110, 235, 115, 105, 170,
210, 270, 150, 140, 154, 103, 147, 190, 145, 212, 164, 161, 172, 220, 170, 111,
149, 155, 210, 150, 120, 140, 155, 200, 145, 151, 185, 200, 130, 230, 214, 165,
187, 205, 190, 165, 104, 180, 150, 175, 240, 175, 115, 140, 210, 150, 160, 170,
157, 180, 130, 165, 124, 110, 130, 122, 120, 200, 135, 170, 100, 145, 140, 180,
165, 139, 208, 200, 145, 130, 112, 180, 138, 124, 110, 150, 250, 180, 185, 145,
199, 165, 190, 131, 210, 170, 155, 150, 133, 130, 137, 190, 195, 170, 160, 190,
150, 150, 185, 135, 190, 125, 112, 154, 123, 178, 125, 125, 132, 142, 214, 175,
175, 180, 124, 135, 183, 151, 145, 122, 180, 140, 120, 160, 137, 170, 175, 126,
148, 142, 162, 170, 150, 110, 180, 135, 153, 168, 160, 150, 145, 250, 139, 199,
225, 104, 145, 105, 165, 115, 150, 175, 130, 185, 150, 180, 132, 175, 130, 240,
130, 145, 110, 132, 160, 145, 130, 127, 220, 115, 100, 160, 150, 140, 140, 130,
140, 163, 190, 165, 170, 170, 136, 210, 149, 150, 130, 89, 135, 205, 170, 170,
140, 150, 160, 100, 145, 170, 125, 137, 170, 165, 295, 121, 130, 170, 120, 173,
165, 115, 150, 196, 230, 155, 118, 140, 260, 175, 185, 130, 115, 210, 135, 160,
120, 168, 119, 135, 145, 160, 145, 120, 176, 150, 220, 115, 170, 130, 210, 145,
200, 187, 170, 195, 160, 184, 150, 180, 170, 155, 215, 205, 225, 118, 150, 145,
135, 175, 129, 176, 160, 175, 185, 237, 140, 136, 169, 181, 193, 198, 145, 212,
162, 205, 175, 122, 153, 210, 120, 135, 107, 160, 123, 160, 153, 155, 155, 185,
140, 190, 140, 115, 145, 195, 145, 157, 160, 185, 135, 135, 114, 138, 244, 130,
158, 155, 165, 128, 195, 123, 130, 250, 200, 125, 160, 160, 187, 124, 210, 201,
155, 160, 129, 172, 150, 170, 117, 123, 117, 230, 180, 255, 195, 200, 200, 145,
152, 128, 206, 140, 130, 210, 115, 110, 162, 220, 145, 150, 165, 120, 175, 178,
120, 138, 145, 160, 142, 100, 155, 160, 125, 135, 129, 190, 170, 125, 195, 280,
155, 115, 170, 180, 220, 175, 218, 150, 171, 185, 140, 134, 225, 210, 170, 200,
230, 121, 87, 110, 170, 120, 145, 215, 140, 165, 139, 113, 150, 150, 130, 141,
160, 99, 180, 165, 135, 180, 102, 120, 100, 190, 142, 157, 220, 130, 100, 110,
170, 121, 120, 128, 220, 135, 140, 155, 220, 165, 120, 114, 115, 115, 312, 127,
160, 115, 170, 185, 185, 180, 130, 200, 185, 120, 134, 140, 280, 230, 150, 180,
128, 125, 140, 129, 124, 140, 150, 148, 145, 165, 162, 115, 145, 150, 160, 160,
125, 112, 160, 115, 112, 210, 170, 185, 150, 137, 128, 147, 265, 158, 220, 130,
140, 110, 220, 205, 150, 130, 190, 178, 140, 175, 142, 185, 120, 170, 195, 135,
180, 180, 160, 140, 190, 132, 140, 120, 164, 198, 145, 165, 131, 160, 129, 150,
173, 150, 160, 120, 165, 144, 225, 130, 125, 153, 175, 130, 125, 155, 200, 125,
145, 120, 126, 175, 195, 155, 210, 140, 185, 130, 138, 150, 165, 135, 114, 132,
175, 140, 145, 175, 132, 140, 172, 142, 150, 190, 185, 140, 125, 140, 126, 175,
185, 135, 142, 185, 240, 133, 147, 200, 135, 230, 165, 230, 180, 270, 217, 130,
175, 120, 130, 105, 145, 180, 200, 111, 150, 210, 167, 165, 185, 130, 125, 155,
180, 115, 129, 180, 145, 215, 145, 132, 143, 150, 155, 115, 121, 275, 130, 130,
170, 135, 140, 130, 130, 150, 126, 180, 140, 190, 150, 165, 135, 153, 145, 145,
225, 120, 265, 120, 128, 175, 170, 140, 150, 180, 130, 149, 132, 180, 119, 185,
