mu <- c(-0.5, -0.5, -0.5, -0.5, -0.5, -0.5)
sigma <- c(1, 1, 1, 1, 1, 1)
theta <- 
structure(c(-0.5, -0.5, -0.5, -0.5, -0.5, -0.5,
            -0.5, -0.5, -0.5, -0.5, -0.5, -0.5,
            -0.5, -0.5, -0.5, -0.5, -0.5, -0.5,
            -0.5, -0.5, -0.5, -0.5, -0.5, -0.5,
            -0.5, -0.5, -0.5, -0.5, -0.5, -0.5,
            -0.5, -0.5, -0.5, -0.5, -0.5, -0.5,
            -0.5, -0.5, -0.5, -0.5, -0.5, -0.5,
            -0.5, -0.5, -0.5, -0.5, -0.5, -0.5), 
.Dim = c(6, 8))
pc <- 
structure(c(0.5, 0.5, 0.5, 0.5, 0.5, 0.5,
            0.5, 0.5, 0.5, 0.5, 0.5, 0.5,
            0.5, 0.5, 0.5, 0.5, 0.5, 0.5,
            0.5, 0.5, 0.5, 0.5, 0.5, 0.5,
            0.5, 0.5, 0.5, 0.5, 0.5, 0.5,
            0.5, 0.5, 0.5, 0.5, 0.5, 0.5,
            0.5, 0.5, 0.5, 0.5, 0.5, 0.5,
            0.5, 0.5, 0.5, 0.5, 0.5, 0.5), 
.Dim = c(6, 8))
inv_tau_sq_1 <- 1
tau_sq_2 <- 1
tau_3 <- 25
B0 <- 0.5
D0 <- 0.5
tau_sq_6 <- 0.36
