N_studies <- 8
rt <-
c(1, 9, 2, 1, 10, 1, 1, 90)
nt <-
c(40, 135, 200, 48, 150, 59, 25, 1159)
rc <-
c(2, 23, 7, 1, 8, 9, 3, 118)
nc <-
c(36, 135, 200, 46, 148, 56, 23, 1157)
