alpha <- c(0,0,0,0,0,0,0,0,0,0,0,0)
beta <- c(0.05,0.1,0,0,0,0,0,0,0,0,0)
sigma <- 0.5
